0,-2.35524e-11,-2.06613e-12,945.863,-834.398
0.02,9.40065e-08,9.37519e-06,929.176,-834.398
0.04,3.73872e-07,1.85835e-05,912.488,-834.398
0.06,8.36234e-07,2.76249e-05,895.8,-834.398
0.08,1.47776e-06,3.64995e-05,879.112,-834.398
0.1,2.2951e-06,4.52072e-05,862.424,-834.398
0.12,3.28493e-06,5.3748e-05,845.736,-834.398
0.14,4.44391e-06,6.21219e-05,829.048,-834.398
0.16,5.76869e-06,7.03289e-05,812.36,-834.398
0.18,7.25595e-06,7.83691e-05,795.672,-834.398
0.2,8.90235e-06,8.62424e-05,778.984,-834.398
0.22,1.07045e-05,9.39488e-05,762.296,-834.398
0.24,1.26592e-05,0.000101488,745.608,-834.398
0.26,1.4763e-05,0.000108861,728.92,-834.398
0.28,1.70125e-05,0.000116067,712.232,-834.398
0.3,1.94045e-05,0.000123106,695.544,-834.398
0.32,2.19356e-05,0.000129978,678.856,-834.398
0.34,2.46025e-05,0.000136683,662.168,-834.398
0.36,2.74018e-05,0.000143221,645.48,-834.398
0.38,3.03302e-05,0.000149592,628.792,-834.398
0.4,3.33844e-05,0.000155797,612.104,-834.398
0.42,3.6561e-05,0.000161834,595.416,-834.398
0.44,3.98567e-05,0.000167705,578.728,-834.398
0.46,4.32681e-05,0.000173409,562.04,-834.398
0.48,4.67919e-05,0.000178946,545.352,-834.398
0.5,5.04248e-05,0.000184316,528.664,-834.398
0.52,5.41634e-05,0.000189519,511.977,-834.398
0.54,5.80045e-05,0.000194556,495.289,-834.398
0.56,6.19445e-05,0.000199425,478.601,-834.398
0.58,6.59803e-05,0.000204128,461.913,-834.398
0.6,7.01085e-05,0.000208663,445.225,-834.398
0.62,7.43258e-05,0.000213032,428.537,-834.398
0.64,7.86287e-05,0.000217234,411.849,-834.398
0.66,8.3014e-05,0.000221269,395.161,-834.398
0.68,8.74783e-05,0.000225137,378.473,-834.398
0.7,9.20184e-05,0.000228838,361.785,-834.398
0.72,9.66308e-05,0.000232373,345.097,-834.398
0.74,0.000101312,0.00023574,328.409,-834.398
0.76,0.000106059,0.000238941,311.721,-834.398
0.78,0.000110869,0.000241975,295.033,-834.398
0.8,0.000115737,0.000244842,278.345,-834.398
0.82,0.000120661,0.000247542,261.657,-834.398
0.84,0.000125638,0.000250075,244.969,-834.398
0.86,0.000130663,0.000252441,228.281,-834.398
0.88,0.000135734,0.00025464,211.593,-834.398
0.9,0.000140848,0.000256673,194.905,-834.398
0.92,0.000146,0.000258539,178.217,-834.398
0.94,0.000151188,0.000260237,161.529,-834.398
0.96,0.000156408,0.000261769,144.841,-834.398
0.98,0.000161658,0.000263134,128.153,-834.398
1,0.000166933,0.000264332,111.466,-834.397
1.02,0.00017223,0.000265363,94.7778,-834.397
1.04,0.000177546,0.000266228,78.0899,-834.397
1.06,0.000182878,0.000266925,61.402,-834.397
1.08,0.000188222,0.000267456,44.714,-834.397
1.1,0.000193575,0.00026782,28.0261,-834.397
1.12,0.000198934,0.000268016,11.3381,-834.397
1.14,0.000204295,0.000268046,-5.34984,-834.397
1.16,0.000209654,0.000267909,-22.0378,-834.397
1.18,0.00021501,0.000267606,-38.7257,-834.397
1.2,0.000220358,0.000267135,-55.4137,-834.397
1.22,0.000225694,0.000266497,-72.1016,-834.397
1.24,0.000231016,0.000265693,-88.7896,-834.397
1.26,0.000236321,0.000264721,-105.478,-834.397
1.28,0.000241604,0.000263583,-122.165,-834.397
1.3,0.000246863,0.000262278,-138.853,-834.397
1.32,0.000252094,0.000260806,-155.541,-834.397
1.34,0.000257294,0.000259167,-172.229,-834.397
1.36,0.00026246,0.000257362,-188.917,-834.397
1.38,0.000267587,0.000255389,-205.605,-834.397
1.4,0.000272674,0.00025325,-222.293,-834.397
1.42,0.000277716,0.000250943,-238.981,-834.397
1.44,0.000282711,0.00024847,-255.669,-834.397
1.46,0.000287654,0.00024583,-272.357,-834.397
1.48,0.000292543,0.000243023,-289.045,-834.397
1.5,0.000297374,0.000240049,-305.733,-834.397
1.52,0.000302144,0.000236908,-322.421,-834.397
1.54,0.000306849,0.0002336,-339.109,-834.397
1.56,0.000311487,0.000230126,-355.797,-834.397
1.58,0.000316053,0.000226485,-372.485,-834.397
1.6,0.000320545,0.000222676,-389.173,-834.397
1.62,0.000324959,0.000218701,-405.861,-834.397
1.64,0.000329292,0.000214559,-422.549,-834.397
1.66,0.00033354,0.00021025,-439.236,-834.397
1.68,0.000337701,0.000205774,-455.924,-834.397
1.7,0.00034177,0.000201132,-472.612,-834.397
1.72,0.000345745,0.000196322,-489.3,-834.397
1.74,0.000349622,0.000191346,-505.988,-834.397
1.76,0.000353397,0.000186202,-522.676,-834.397
1.78,0.000357069,0.000180892,-539.364,-834.397
1.8,0.000360632,0.000175415,-556.052,-834.397
1.82,0.000364084,0.000169771,-572.74,-834.397
1.84,0.000367422,0.00016396,-589.428,-834.397
1.86,0.000370641,0.000157982,-606.116,-834.397
1.88,0.00037374,0.000151838,-622.804,-834.397
1.9,0.000376714,0.000145526,-639.492,-834.397
1.92,0.00037956,0.000139048,-656.18,-834.397
1.94,0.000382275,0.000132403,-672.868,-834.397
1.96,0.000384855,0.000125591,-689.556,-834.397
1.98,0.000387297,0.000118612,-706.244,-834.397
2,0.000389598,0.000111466,-722.932,165.603
2.02,0.000391755,0.000104253,-719.62,165.603
2.04,0.000393769,9.70734e-05,-716.307,165.603
2.06,0.000395639,8.99269e-05,-712.995,165.603
2.08,0.000397366,8.28135e-05,-709.683,165.603
2.1,0.000398951,7.57332e-05,-706.371,165.603
2.12,0.000400395,6.86861e-05,-703.059,165.603
2.14,0.000401699,6.1672e-05,-699.747,165.603
2.16,0.000402863,5.46911e-05,-696.435,165.603
2.18,0.000403887,4.77433e-05,-693.123,165.603
2.2,0.000404773,4.08287e-05,-689.811,165.603
2.22,0.00040552,3.39471e-05,-686.499,165.603
2.24,0.000406131,2.70987e-05,-683.187,165.603
2.26,0.000406604,2.02834e-05,-679.875,165.603
2.28,0.000406942,1.35012e-05,-676.563,165.603
2.3,0.000407145,6.75212e-06,-673.251,165.603
2.32,0.000407212,3.61693e-08,-669.939,165.603
2.34,0.000407146,-6.64666e-06,-666.627,165.603
2.36,0.000406947,-1.32964e-05,-663.315,165.603
2.38,0.000406615,-1.9913e-05,-660.003,165.603
2.4,0.000406151,-2.64964e-05,-656.691,165.603
2.42,0.000405555,-3.30468e-05,-653.379,165.603
2.44,0.000404829,-3.9564e-05,-650.066,165.603
2.46,0.000403973,-4.60481e-05,-646.754,165.603
2.48,0.000402987,-5.24991e-05,-643.442,165.603
2.5,0.000401873,-5.89169e-05,-640.13,165.603
2.52,0.000400631,-6.53017e-05,-636.818,165.603
2.54,0.000399261,-7.16533e-05,-633.506,165.603
2.56,0.000397765,-7.79718e-05,-630.194,165.603
2.58,0.000396142,-8.42572e-05,-626.882,165.603
2.6,0.000394395,-9.05094e-05,-623.57,165.603
2.62,0.000392522,-9.67286e-05,-620.258,165.603
2.64,0.000390526,-0.000102915,-616.946,165.603
2.66,0.000388406,-0.000109068,-613.634,165.603
2.68,0.000386163,-0.000115187,-610.322,165.603
2.7,0.000383799,-0.000121274,-607.01,165.603
2.72,0.000381313,-0.000127327,-603.698,165.603
2.74,0.000378706,-0.000133348,-600.386,165.603
2.76,0.000375979,-0.000139335,-597.074,165.603
2.78,0.000373133,-0.000145289,-593.762,165.603
2.8,0.000370168,-0.00015121,-590.45,165.603
2.82,0.000367084,-0.000157098,-587.137,165.603
2.84,0.000363884,-0.000162953,-583.825,165.603
2.86,0.000360567,-0.000168775,-580.513,165.603
2.88,0.000357133,-0.000174563,-577.201,165.603
2.9,0.000353584,-0.000180319,-573.889,165.603
2.92,0.000349921,-0.000186041,-570.577,165.603
2.94,0.000346143,-0.00019173,-567.265,165.603
2.96,0.000342252,-0.000197387,-563.953,165.603
2.98,0.000338248,-0.000203009,-560.641,165.603
3,0.000334131,-0.000208599,-557.329,165.603
3.02,0.000329904,-0.000214156,-554.017,165.603
3.04,0.000325565,-0.00021968,-550.705,165.603
3.06,0.000321117,-0.00022517,-547.393,165.603
3.08,0.000316559,-0.000230628,-544.081,165.603
3.1,0.000311892,-0.000236052,-540.769,165.603
3.12,0.000307117,-0.000241443,-537.457,165.603
3.14,0.000302234,-0.000246801,-534.145,165.603
3.16,0.000297245,-0.000252126,-530.833,165.603
3.18,0.00029215,-0.000257418,-527.521,165.603
3.2,0.000286949,-0.000262676,-524.208,165.603
3.22,0.000281643,-0.000267902,-520.896,165.603
3.24,0.000276233,-0.000273094,-517.584,165.603
3.26,0.000270719,-0.000278253,-514.272,165.603
3.28,0.000265103,-0.00028338,-510.96,165.603
3.3,0.000259384,-0.000288473,-507.648,165.603
3.32,0.000253564,-0.000293533,-504.336,165.603
3.34,0.000247643,-0.000298559,-501.024,165.603
3.36,0.000241622,-0.000303553,-497.712,165.603
3.38,0.000235501,-0.000308514,-494.4,165.603
3.4,0.000229282,-0.000313441,-491.088,165.603
3.42,0.000222964,-0.000318335,-487.776,165.603
3.44,0.000216548,-0.000323197,-484.464,165.603
3.46,0.000210036,-0.000328025,-481.152,165.603
3.48,0.000203428,-0.00033282,-477.84,165.603
3.5,0.000196724,-0.000337581,-474.528,165.603
3.52,0.000189925,-0.00034231,-471.216,165.603
3.54,0.000183031,-0.000347006,-467.904,165.603
3.56,0.000176045,-0.000351668,-464.592,165.603
3.58,0.000168965,-0.000356298,-461.279,165.603
3.6,0.000161793,-0.000360894,-457.967,165.603
3.62,0.000154529,-0.000365457,-454.655,165.603
3.64,0.000147175,-0.000369987,-451.343,165.603
3.66,0.00013973,-0.000374484,-448.031,165.603
3.68,0.000132196,-0.000378948,-444.719,165.603
3.7,0.000124573,-0.000383378,-441.407,165.603
3.72,0.000116861,-0.000387776,-438.095,165.603
3.74,0.000109062,-0.00039214,-434.783,165.603
3.76,0.000101176,-0.000396471,-431.471,165.603
3.78,9.32031e-05,-0.000400769,-428.159,165.603
3.8,8.5145e-05,-0.000405035,-424.847,165.603
3.82,7.70019e-05,-0.000409266,-421.535,165.603
3.84,6.87745e-05,-0.000413465,-418.223,165.603
3.86,6.04635e-05,-0.000417631,-414.911,165.603
3.88,5.20695e-05,-0.000421763,-411.599,165.603
3.9,4.35932e-05,-0.000425863,-408.287,165.603
3.92,3.50352e-05,-0.000429929,-404.975,165.603
3.94,2.63963e-05,-0.000433962,-401.663,165.603
3.96,1.7677e-05,-0.000437962,-398.35,165.603
3.98,8.87798e-06,-0.000441929,-395.038,165.603
4,-2.16112e-12,-0.000445863,-391.726,268.513
4.02,-8.95626e-06,-0.000449754,-386.356,268.513
4.04,-1.79898e-05,-0.00045359,-380.986,268.513
4.06,-2.70995e-05,-0.000457373,-375.616,268.513
4.08,-3.62844e-05,-0.000461103,-370.245,268.513
4.1,-4.55433e-05,-0.000464778,-364.875,268.513
4.12,-5.48751e-05,-0.0004684,-359.505,268.513
4.14,-6.42789e-05,-0.000471968,-354.135,268.513
4.16,-7.37535e-05,-0.000475483,-348.764,268.513
4.18,-8.32979e-05,-0.000478944,-343.394,268.513
4.2,-9.29109e-05,-0.000482351,-338.024,268.513
4.22,-0.000102592,-0.000485704,-332.653,268.513
4.24,-0.000112339,-0.000489004,-327.283,268.513
4.26,-0.000122151,-0.00049225,-321.913,268.513
4.28,-0.000132028,-0.000495442,-316.543,268.513
4.3,-0.000141969,-0.000498581,-311.172,268.513
4.32,-0.000151971,-0.000501665,-305.802,268.513
4.34,-0.000162035,-0.000504697,-300.432,268.513
4.36,-0.000172159,-0.000507674,-295.062,268.513
4.38,-0.000182342,-0.000510598,-289.691,268.513
4.4,-0.000192582,-0.000513468,-284.321,268.513
4.42,-0.00020288,-0.000516284,-278.951,268.513
4.44,-0.000213233,-0.000519047,-273.581,268.513
4.46,-0.000223641,-0.000521756,-268.21,268.513
4.48,-0.000234103,-0.000524411,-262.84,268.513
4.5,-0.000244617,-0.000527013,-257.47,268.513
4.52,-0.000255183,-0.000529561,-252.1,268.513
4.54,-0.0002658,-0.000532055,-246.729,268.513
4.56,-0.000276465,-0.000534495,-241.359,268.513
4.58,-0.000287179,-0.000536882,-235.989,268.513
4.6,-0.00029794,-0.000539215,-230.618,268.513
4.62,-0.000308747,-0.000541494,-225.248,268.513
4.64,-0.000319599,-0.00054372,-219.878,268.513
4.66,-0.000330496,-0.000545892,-214.508,268.513
4.68,-0.000341435,-0.00054801,-209.137,268.513
4.7,-0.000352416,-0.000550075,-203.767,268.513
4.72,-0.000363437,-0.000552085,-198.397,268.513
4.74,-0.000374499,-0.000554042,-193.027,268.513
4.76,-0.000385599,-0.000555946,-187.656,268.513
4.78,-0.000396736,-0.000557796,-182.286,268.513
4.8,-0.00040791,-0.000559592,-176.916,268.513
4.82,-0.00041912,-0.000561334,-171.546,268.513
4.84,-0.000430363,-0.000563023,-166.175,268.513
4.86,-0.00044164,-0.000564657,-160.805,268.513
4.88,-0.000452949,-0.000566239,-155.435,268.513
4.9,-0.000464289,-0.000567766,-150.065,268.513
4.92,-0.000475659,-0.00056924,-144.694,268.513
4.94,-0.000487059,-0.00057066,-139.324,268.513
4.96,-0.000498485,-0.000572026,-133.954,268.513
4.98,-0.000509939,-0.000573339,-128.583,268.513
5,-0.000521419,-0.000574598,-123.213,268.513
5.02,-0.000532923,-0.000575803,-117.843,268.513
5.04,-0.00054445,-0.000576955,-112.473,268.513
5.06,-0.000556001,-0.000578053,-107.102,268.513
5.08,-0.000567572,-0.000579097,-101.732,268.513
5.1,-0.000579164,-0.000580087,-96.3618,268.513
5.12,-0.000590775,-0.000581024,-90.9916,268.513
5.14,-0.000602405,-0.000581907,-85.6213,268.513
5.16,-0.000614051,-0.000582737,-80.251,268.513
5.18,-0.000625714,-0.000583512,-74.8808,268.513
5.2,-0.000637391,-0.000584234,-69.5105,268.513
5.22,-0.000649083,-0.000584903,-64.1402,268.513
5.24,-0.000660787,-0.000585517,-58.77,268.513
5.26,-0.000672503,-0.000586078,-53.3997,268.513
5.28,-0.00068423,-0.000586585,-48.0295,268.513
5.3,-0.000695966,-0.000587039,-42.6592,268.513
5.32,-0.000707711,-0.000587438,-37.2889,268.513
5.34,-0.000719463,-0.000587784,-31.9187,268.513
5.36,-0.000731222,-0.000588077,-26.5484,268.513
5.38,-0.000742986,-0.000588315,-21.1781,268.513
5.4,-0.000754754,-0.0005885,-15.8079,268.513
5.42,-0.000766526,-0.000588631,-10.4376,268.513
5.44,-0.000778299,-0.000588709,-5.06734,268.513
5.46,-0.000790074,-0.000588733,0.302926,268.513
5.48,-0.000801848,-0.000588703,5.67319,268.513
5.5,-0.000813622,-0.000588619,11.0435,268.513
5.52,-0.000825393,-0.000588482,16.4137,268.513
5.54,-0.00083716,-0.000588291,21.784,268.513
5.56,-0.000848924,-0.000588046,27.1542,268.513
5.58,-0.000860682,-0.000587748,32.5245,268.513
5.6,-0.000872433,-0.000587396,37.8948,268.513
5.62,-0.000884177,-0.00058699,43.265,268.513
5.64,-0.000895913,-0.000586531,48.6353,268.513
5.66,-0.000907638,-0.000586017,54.0056,268.513
5.68,-0.000919353,-0.00058545,59.3758,268.513
5.7,-0.000931056,-0.00058483,64.7461,268.513
5.72,-0.000942746,-0.000584155,70.1164,268.513
5.74,-0.000954422,-0.000583427,75.4866,268.513
5.76,-0.000966083,-0.000582646,80.8569,268.513
5.78,-0.000977727,-0.00058181,86.2272,268.513
5.8,-0.000989355,-0.000580921,91.5974,268.513
5.82,-0.00100096,-0.000579978,96.9677,268.513
5.84,-0.00101255,-0.000578982,102.338,268.513
5.86,-0.00102412,-0.000577932,107.708,268.513
5.88,-0.00103567,-0.000576828,113.078,268.513
5.9,-0.0010472,-0.00057567,118.449,268.513
5.92,-0.0010587,-0.000574459,123.819,268.513
5.94,-0.00107017,-0.000573194,129.189,268.513
5.96,-0.00108162,-0.000571875,134.56,268.513
5.98,-0.00109305,-0.000570502,139.93,268.513
6,-0.00110444,-0.000569076,145.3,268.513
6.02,-0.00111581,-0.000567596,150.67,268.513
6.04,-0.00112715,-0.000566063,156.041,268.513
6.06,-0.00113845,-0.000564476,161.411,268.513
6.08,-0.00114973,-0.000562835,166.781,268.513
6.1,-0.00116097,-0.00056114,172.151,268.513
6.12,-0.00117217,-0.000559392,177.522,268.513
6.14,-0.00118334,-0.00055759,182.892,268.513
6.16,-0.00119447,-0.000555734,188.262,268.513
6.18,-0.00120557,-0.000553824,193.632,268.513
6.2,-0.00121663,-0.000551861,199.003,268.513
6.22,-0.00122764,-0.000549844,204.373,268.513
6.24,-0.00123862,-0.000547774,209.743,268.513
6.26,-0.00124955,-0.000545649,215.114,268.513
6.28,-0.00126045,-0.000543471,220.484,268.513
6.3,-0.00127129,-0.00054124,225.854,268.513
6.32,-0.0012821,-0.000538954,231.224,268.513
6.34,-0.00129285,-0.000536615,236.595,268.513
6.36,-0.00130356,-0.000534223,241.965,268.513
6.38,-0.00131422,-0.000531776,247.335,268.513
6.4,-0.00132483,-0.000529276,252.705,268.513
6.42,-0.00133539,-0.000526722,258.076,268.513
6.44,-0.0013459,-0.000524114,263.446,268.513
6.46,-0.00135635,-0.000521453,268.816,268.513
6.48,-0.00136676,-0.000518738,274.186,268.513
6.5,-0.0013771,-0.000515969,279.557,268.513
6.52,-0.0013874,-0.000513147,284.927,268.513
6.54,-0.00139763,-0.000510271,290.297,268.513
6.56,-0.00140781,-0.000507341,295.667,268.513
6.58,-0.00141792,-0.000504357,301.038,268.513
6.6,-0.00142798,-0.00050132,306.408,268.513
6.62,-0.00143798,-0.000498229,311.778,268.513
6.64,-0.00144791,-0.000495085,317.149,268.513
6.66,-0.00145778,-0.000491886,322.519,268.513
6.68,-0.00146758,-0.000488634,327.889,268.513
6.7,-0.00147732,-0.000485328,333.259,268.513
6.72,-0.001487,-0.000481969,338.63,268.513
6.74,-0.0014966,-0.000478556,344,268.513
6.76,-0.00150614,-0.000475089,349.37,268.513
6.78,-0.0015156,-0.000471568,354.74,268.513
6.8,-0.001525,-0.000467994,360.111,268.513
6.82,-0.00153432,-0.000464366,365.481,268.513
6.84,-0.00154357,-0.000460685,370.851,268.513
6.86,-0.00155275,-0.000456949,376.221,268.513
6.88,-0.00156185,-0.00045316,381.592,268.513
6.9,-0.00157088,-0.000449317,386.962,268.513
6.92,-0.00157982,-0.000445421,392.332,268.513
6.94,-0.00158869,-0.000441471,397.703,268.513
6.96,-0.00159748,-0.000437467,403.073,268.513
6.98,-0.00160619,-0.000433409,408.443,268.513
7,-0.00161482,-0.000429298,413.813,268.513
7.02,-0.00162336,-0.000425133,419.184,268.513
7.04,-0.00163182,-0.000420914,424.554,268.513
7.06,-0.0016402,-0.000416642,429.924,268.513
7.08,-0.00164849,-0.000412316,435.294,268.513
7.1,-0.00165669,-0.000407936,440.665,268.513
7.12,-0.00166481,-0.000403503,446.035,268.513
7.14,-0.00167283,-0.000399015,451.405,268.513
7.16,-0.00168077,-0.000394474,456.775,268.513
7.18,-0.00168861,-0.00038988,462.146,268.513
7.2,-0.00169636,-0.000385232,467.516,268.513
7.22,-0.00170402,-0.00038053,472.886,268.513
7.24,-0.00171158,-0.000375774,478.256,268.513
7.26,-0.00171905,-0.000370964,483.627,268.513
7.28,-0.00172642,-0.000366101,488.997,268.513
7.3,-0.00173369,-0.000361184,494.367,268.513
7.32,-0.00174087,-0.000356214,499.738,268.513
7.34,-0.00174794,-0.00035119,505.108,268.513
7.36,-0.00175491,-0.000346112,510.478,268.513
7.38,-0.00176179,-0.00034098,515.848,268.513
7.4,-0.00176855,-0.000335795,521.219,268.513
7.42,-0.00177522,-0.000330556,526.589,268.513
7.44,-0.00178178,-0.000325263,531.959,268.513
7.46,-0.00178823,-0.000319917,537.329,268.513
7.48,-0.00179457,-0.000314516,542.7,268.513
7.5,-0.00180081,-0.000309063,548.07,268.513
7.52,-0.00180693,-0.000303555,553.44,268.513
7.54,-0.00181295,-0.000297994,558.81,268.513
7.56,-0.00181885,-0.000292379,564.181,268.513
7.58,-0.00182464,-0.00028671,569.551,268.513
7.6,-0.00183032,-0.000280988,574.921,268.513
7.62,-0.00183588,-0.000275212,580.291,268.513
7.64,-0.00184133,-0.000269382,585.662,268.513
7.66,-0.00184666,-0.000263499,591.032,268.513
7.68,-0.00185187,-0.000257561,596.402,268.513
7.7,-0.00185696,-0.00025157,601.773,268.513
7.72,-0.00186193,-0.000245526,607.143,268.513
7.74,-0.00186678,-0.000239428,612.513,268.513
7.76,-0.00187151,-0.000233276,617.883,268.513
7.78,-0.00187611,-0.00022707,623.254,268.513
7.8,-0.00188059,-0.000220811,628.624,268.513
7.82,-0.00188494,-0.000214497,633.994,268.513
7.84,-0.00188917,-0.000208131,639.364,268.513
7.86,-0.00189327,-0.00020171,644.735,268.513
7.88,-0.00189724,-0.000195236,650.105,268.513
7.9,-0.00190108,-0.000188708,655.475,268.513
7.92,-0.00190479,-0.000182126,660.845,268.513
7.94,-0.00190836,-0.000175491,666.216,268.513
7.96,-0.00191181,-0.000168802,671.586,268.513
7.98,-0.00191511,-0.000162059,676.956,268.513
8,-0.00191829,-0.000155263,671.493,329.763
8.02,-0.00192133,-0.000148515,678.088,329.763
8.04,-0.00192423,-0.000141701,684.684,329.763
8.06,-0.00192699,-0.000134821,691.279,329.763
8.08,-0.00192962,-0.000127876,697.874,329.763
8.1,-0.00193211,-0.000120864,704.47,329.763
8.12,-0.00193445,-0.000113786,711.065,329.763
8.14,-0.00193666,-0.000106643,717.66,329.763
8.16,-0.00193872,-9.94331e-05,724.255,329.763
8.18,-0.00194064,-9.21576e-05,730.851,329.763
8.2,-0.00194241,-8.48161e-05,737.446,329.763
8.22,-0.00194403,-7.74087e-05,744.041,329.763
8.24,-0.0019455,-6.99353e-05,750.636,329.763
8.26,-0.00194682,-6.23959e-05,757.232,329.763
8.28,-0.001948,-5.47906e-05,763.827,329.763
8.3,-0.00194902,-4.71194e-05,770.422,329.763
8.32,-0.00194988,-3.93822e-05,777.017,329.763
8.34,-0.00195059,-3.15791e-05,783.613,329.763
8.36,-0.00195114,-2.371e-05,790.208,329.763
8.38,-0.00195154,-1.57749e-05,796.803,329.763
8.4,-0.00195177,-7.77389e-06,803.398,329.763
8.42,-0.00195185,2.93072e-07,809.994,329.763
8.44,-0.00195176,8.42599e-06,816.589,329.763
8.46,-0.00195151,1.66249e-05,823.184,329.763
8.48,-0.0019511,2.48897e-05,829.78,329.763
8.5,-0.00195052,3.32204e-05,836.375,329.763
8.52,-0.00194977,4.16172e-05,842.97,329.763
8.54,-0.00194885,5.00798e-05,849.565,329.763
8.56,-0.00194776,5.86085e-05,856.161,329.763
8.58,-0.00194651,6.72031e-05,862.756,329.763
8.6,-0.00194508,7.58636e-05,869.351,329.763
8.62,-0.00194347,8.45901e-05,875.946,329.763
8.64,-0.00194169,9.33825e-05,882.542,329.763
8.66,-0.00193974,0.000102241,889.137,329.763
8.68,-0.0019376,0.000111165,895.732,329.763
8.7,-0.00193529,0.000120156,902.327,329.763
8.72,-0.00193279,0.000129212,908.923,329.763
8.74,-0.00193012,0.000138334,915.518,329.763
8.76,-0.00192726,0.000147522,922.113,329.763
8.78,-0.00192422,0.000156776,928.709,329.763
8.8,-0.00192099,0.000166096,935.304,329.763
8.82,-0.00191757,0.000175482,941.899,329.763
8.84,-0.00191397,0.000184934,948.494,329.763
8.86,-0.00191018,0.000194452,955.09,329.763
8.88,-0.00190619,0.000204036,961.685,329.763
8.9,-0.00190201,0.000213686,968.28,329.763
8.92,-0.00189764,0.000223402,974.875,329.763
8.94,-0.00189308,0.000233183,981.471,329.763
8.96,-0.00188832,0.000243031,988.066,329.763
8.98,-0.00188336,0.000252945,994.661,329.763
9,-0.0018782,0.000262924,996.256,504.763
9.02,-0.00187284,0.000272937,1006.35,504.763
9.04,-0.00186728,0.000283051,1016.45,504.763
9.06,-0.00186152,0.000293266,1026.54,504.763
9.08,-0.00185555,0.000303582,1036.64,504.763
9.1,-0.00184937,0.000313999,1046.73,504.763
9.12,-0.00184299,0.000324517,1056.83,504.763
9.14,-0.00183639,0.000335136,1066.92,504.763
9.16,-0.00182958,0.000345855,1077.02,504.763
9.18,-0.00182256,0.000356676,1087.11,504.763
9.2,-0.00181531,0.000367598,1097.21,504.763
9.22,-0.00180785,0.00037862,1107.3,504.763
9.24,-0.00180017,0.000389744,1117.4,504.763
9.26,-0.00179226,0.000400968,1127.49,504.763
9.28,-0.00178413,0.000412294,1137.59,504.763
9.3,-0.00177577,0.00042372,1147.69,504.763
9.32,-0.00176718,0.000435247,1157.78,504.763
9.34,-0.00175836,0.000446876,1167.88,504.763
9.36,-0.0017493,0.000458605,1177.97,504.763
9.38,-0.00174001,0.000470435,1188.07,504.763
9.4,-0.00173049,0.000482366,1198.16,504.763
9.42,-0.00172072,0.000494398,1208.26,504.763
9.44,-0.00171071,0.000506531,1218.35,504.763
9.46,-0.00170046,0.000518765,1228.45,504.763
9.48,-0.00168996,0.0005311,1238.54,504.763
9.5,-0.00167921,0.000543536,1248.64,504.763
9.52,-0.00166822,0.000556073,1258.73,504.763
9.54,-0.00165697,0.000568711,1268.83,504.763
9.56,-0.00164547,0.00058145,1278.92,504.763
9.58,-0.00163371,0.000594289,1289.02,504.763
9.6,-0.00162169,0.00060723,1299.11,504.763
9.62,-0.00160942,0.000620272,1309.21,504.763
9.64,-0.00159688,0.000633414,1319.3,504.763
9.66,-0.00158408,0.000646658,1329.4,504.763
9.68,-0.00157102,0.000660002,1339.5,504.763
9.7,-0.00155768,0.000673448,1349.59,504.763
9.72,-0.00154408,0.000686994,1359.69,504.763
9.74,-0.0015302,0.000700641,1369.78,504.763
9.76,-0.00151605,0.00071439,1379.88,504.763
9.78,-0.00150162,0.000728239,1389.97,504.763
9.8,-0.00148692,0.000742189,1400.07,504.763
9.82,-0.00147194,0.00075624,1410.16,504.763
9.84,-0.00145667,0.000770392,1420.26,504.763
9.86,-0.00144112,0.000784645,1430.35,504.763
9.88,-0.00142528,0.000798999,1440.45,504.763
9.9,-0.00140916,0.000813454,1450.54,504.763
9.92,-0.00139274,0.00082801,1460.64,504.763
9.94,-0.00137604,0.000842667,1470.73,504.763
9.96,-0.00135904,0.000857425,1480.83,504.763
9.98,-0.00134174,0.000872284,1490.92,504.763
10,-0.00132415,0.000887243,1496.02,754.763
10.02,-0.00130625,0.000902279,1511.11,754.763
10.04,-0.00128805,0.000917466,1526.21,754.763
10.06,-0.00126955,0.000932803,1541.31,754.763
10.08,-0.00125074,0.000948292,1556.4,754.763
10.1,-0.00123162,0.000963931,1571.5,754.763
10.12,-0.00121218,0.000979722,1586.59,754.763
10.14,-0.00119243,0.000995663,1601.69,754.763
10.16,-0.00117235,0.00101176,1616.78,754.763
10.18,-0.00115196,0.001028,1631.88,754.763
10.2,-0.00113123,0.00104439,1646.97,754.763
10.22,-0.00111018,0.00106094,1662.07,754.763
10.24,-0.00108879,0.00107763,1677.16,754.763
10.26,-0.00106707,0.00109448,1692.26,754.763
10.28,-0.00104501,0.00111148,1707.35,754.763
10.3,-0.00102261,0.00112863,1722.45,754.763
10.32,-0.000999868,0.00114593,1737.54,754.763
10.34,-0.000976775,0.00116338,1752.64,754.763
10.36,-0.000953332,0.00118098,1767.73,754.763
10.38,-0.000929535,0.00119873,1782.83,754.763
10.4,-0.000905382,0.00121664,1797.92,754.763
10.42,-0.000880869,0.00123469,1813.02,754.763
10.44,-0.000855993,0.0012529,1828.12,754.763
10.46,-0.000830752,0.00127125,1843.21,754.763
10.48,-0.000805142,0.00128976,1858.31,754.763
10.5,-0.00077916,0.00130842,1873.4,754.763
10.52,-0.000752804,0.00132723,1888.5,754.763
10.54,-0.00072607,0.00134619,1903.59,754.763
10.56,-0.000698955,0.0013653,1918.69,754.763
10.58,-0.000671457,0.00138456,1933.78,754.763
10.6,-0.000643572,0.00140398,1948.88,754.763
10.62,-0.000615297,0.00142354,1963.97,754.763
10.64,-0.000586629,0.00144326,1979.07,754.763
10.66,-0.000557565,0.00146312,1994.16,754.763
10.68,-0.000528103,0.00148314,2009.26,754.763
10.7,-0.000498239,0.00150331,2024.35,754.763
10.72,-0.00046797,0.00152363,2039.45,754.763
10.74,-0.000437293,0.0015441,2054.54,754.763
10.76,-0.000406205,0.00156472,2069.64,754.763
10.78,-0.000374703,0.00158549,2084.73,754.763
10.8,-0.000342784,0.00160641,2099.83,754.763
10.82,-0.000310445,0.00162749,2114.93,754.763
10.84,-0.000277684,0.00164871,2130.02,754.763
10.86,-0.000244496,0.00167009,2145.12,754.763
10.88,-0.000210879,0.00169161,2160.21,754.763
10.9,-0.00017683,0.00171329,2175.31,754.763
10.92,-0.000142346,0.00173512,2190.4,754.763
10.94,-0.000107425,0.0017571,2205.5,754.763
10.96,-7.20615e-05,0.00177923,2220.59,754.763
10.98,-3.62543e-05,0.00180151,2235.69,754.763
11,-9.60738e-13,0.00182394,2245.78,-1911.5
11.02,3.67022e-05,0.00184621,2207.55,-1911.5
11.04,7.38459e-05,0.0018681,2169.32,-1911.5
11.06,0.000111423,0.0018896,2131.09,-1911.5
11.08,0.000149427,0.00191072,2092.86,-1911.5
11.1,0.00018785,0.00193145,2054.63,-1911.5
11.12,0.000226683,0.00195181,2016.4,-1911.5
11.14,0.000265919,0.00197178,1978.17,-1911.5
11.16,0.000305552,0.00199137,1939.94,-1911.5
11.18,0.000345572,0.00201058,1901.71,-1911.5
11.2,0.000385972,0.00202941,1863.48,-1911.5
11.22,0.000426746,0.00204785,1825.25,-1911.5
11.24,0.000467884,0.00206591,1787.02,-1911.5
11.26,0.000509379,0.00208359,1748.79,-1911.5
11.28,0.000551225,0.00210089,1710.56,-1911.5
11.3,0.000593412,0.0021178,1672.33,-1911.5
11.32,0.000635934,0.00213433,1634.1,-1911.5
11.34,0.000678783,0.00215048,1595.87,-1911.5
11.36,0.000721951,0.00216625,1557.64,-1911.5
11.38,0.000765431,0.00218164,1519.41,-1911.5
11.4,0.000809214,0.00219664,1481.18,-1911.5
11.42,0.000853294,0.00221126,1442.95,-1911.5
11.44,0.000897662,0.0022255,1404.72,-1911.5
11.46,0.000942311,0.00223936,1366.49,-1911.5
11.48,0.000987234,0.00225283,1328.26,-1911.5
11.5,0.00103242,0.00226592,1290.03,-1911.5
11.52,0.00107787,0.00227863,1251.8,-1911.5
11.54,0.00112356,0.00229096,1213.57,-1911.5
11.56,0.0011695,0.0023029,1175.34,-1911.5
11.58,0.00121568,0.00231446,1137.11,-1911.5
11.6,0.00126208,0.00232564,1098.88,-1911.5
11.62,0.0013087,0.00233644,1060.65,-1911.5
11.64,0.00135553,0.00234686,1022.42,-1911.5
11.66,0.00140257,0.00235689,984.192,-1911.5
11.68,0.00144981,0.00236654,945.962,-1911.5
11.7,0.00149723,0.00237581,907.732,-1911.5
11.72,0.00154484,0.0023847,869.502,-1911.5
11.74,0.00159262,0.0023932,831.272,-1911.5
11.76,0.00164056,0.00240132,793.041,-1911.5
11.78,0.00168867,0.00240906,754.811,-1911.5
11.8,0.00173692,0.00241642,716.581,-1911.5
11.82,0.00178532,0.00242339,678.351,-1911.5
11.84,0.00183386,0.00242998,640.121,-1911.5
11.86,0.00188252,0.00243619,601.891,-1911.5
11.88,0.0019313,0.00244202,563.661,-1911.5
11.9,0.0019802,0.00244747,525.431,-1911.5
11.92,0.0020292,0.00245253,487.201,-1911.5
11.94,0.0020783,0.00245721,448.971,-1911.5
11.96,0.00212748,0.00246151,410.741,-1911.5
11.98,0.00217675,0.00246543,372.511,-1911.5
12,0.0022261,0.00246896,329.281,-1511.5
12.02,0.00227551,0.0024721,299.051,-1511.5
12.04,0.00232498,0.00247494,268.821,-1511.5
12.06,0.0023745,0.00247748,238.591,-1511.5
12.08,0.00242408,0.00247971,208.361,-1511.5
12.1,0.00247369,0.00248165,178.131,-1511.5
12.12,0.00252334,0.00248328,147.901,-1511.5
12.14,0.00257302,0.0024846,117.671,-1511.5
12.16,0.00262272,0.00248563,87.4408,-1511.5
12.18,0.00267244,0.00248635,57.2107,-1511.5
12.2,0.00272218,0.00248677,26.9807,-1511.5
12.22,0.00277191,0.00248689,-3.24936,-1511.5
12.24,0.00282165,0.00248671,-33.4794,-1511.5
12.26,0.00287138,0.00248622,-63.7094,-1511.5
12.28,0.0029211,0.00248543,-93.9395,-1511.5
12.3,0.00297079,0.00248434,-124.17,-1511.5
12.32,0.00302047,0.00248295,-154.4,-1511.5
12.34,0.00307011,0.00248126,-184.63,-1511.5
12.36,0.00311972,0.00247926,-214.86,-1511.5
12.38,0.00316928,0.00247696,-245.09,-1511.5
12.4,0.00321879,0.00247436,-275.32,-1511.5
12.42,0.00326825,0.00247145,-305.55,-1511.5
12.44,0.00331765,0.00246825,-335.78,-1511.5
12.46,0.00336698,0.00246474,-366.01,-1511.5
12.48,0.00341624,0.00246092,-396.24,-1511.5
12.5,0.00346541,0.00245681,-426.47,-1511.5
12.52,0.00351451,0.0024524,-456.7,-1511.5
12.54,0.00356351,0.00244768,-486.93,-1511.5
12.56,0.00361241,0.00244266,-517.16,-1511.5
12.58,0.00366121,0.00243733,-547.39,-1511.5
12.6,0.0037099,0.00243171,-577.62,-1511.5
12.62,0.00375848,0.00242578,-607.85,-1511.5
12.64,0.00380693,0.00241955,-638.08,-1511.5
12.66,0.00385526,0.00241302,-668.31,-1511.5
12.68,0.00390345,0.00240619,-698.54,-1511.5
12.7,0.0039515,0.00239905,-728.77,-1511.5
12.72,0.00399941,0.00239161,-759,-1511.5
12.74,0.00404717,0.00238387,-789.23,-1511.5
12.76,0.00409476,0.00237583,-819.46,-1511.5
12.78,0.0041422,0.00236748,-849.69,-1511.5
12.8,0.00418946,0.00235883,-879.92,-1511.5
12.82,0.00423655,0.00234988,-910.15,-1511.5
12.84,0.00428345,0.00234063,-940.38,-1511.5
12.86,0.00433017,0.00233107,-970.611,-1511.5
12.88,0.00437669,0.00232122,-1000.84,-1511.5
12.9,0.00442302,0.00231106,-1031.07,-1511.5
12.92,0.00446913,0.0023006,-1061.3,-1511.5
12.94,0.00451504,0.00228983,-1091.53,-1511.5
12.96,0.00456073,0.00227876,-1121.76,-1511.5
12.98,0.00460619,0.0022674,-1151.99,-1511.5
13,0.00465142,0.00225573,-1187.22,-1036.5
13.02,0.00469641,0.00224375,-1207.95,-1036.5
13.04,0.00474117,0.00223157,-1228.68,-1036.5
13.06,0.00478568,0.00221918,-1249.41,-1036.5
13.08,0.00482993,0.00220658,-1270.14,-1036.5
13.1,0.00487394,0.00219377,-1290.87,-1036.5
13.12,0.00491768,0.00218076,-1311.6,-1036.5
13.14,0.00496117,0.00216754,-1332.33,-1036.5
13.16,0.00500438,0.00215411,-1353.06,-1036.5
13.18,0.00504733,0.00214048,-1373.79,-1036.5
13.2,0.00509,0.00212664,-1394.52,-1036.5
13.22,0.00513239,0.00211259,-1415.25,-1036.5
13.24,0.0051745,0.00209833,-1435.98,-1036.5
13.26,0.00521633,0.00208387,-1456.71,-1036.5
13.28,0.00525786,0.0020692,-1477.44,-1036.5
13.3,0.00529909,0.00205432,-1498.17,-1036.5
13.32,0.00534003,0.00203924,-1518.9,-1036.5
13.34,0.00538066,0.00202394,-1539.63,-1036.5
13.36,0.00542098,0.00200844,-1560.36,-1036.5
13.38,0.005461,0.00199274,-1581.09,-1036.5
13.4,0.00550069,0.00197682,-1601.82,-1036.5
13.42,0.00554007,0.0019607,-1622.55,-1036.5
13.44,0.00557912,0.00194437,-1643.28,-1036.5
13.46,0.00561784,0.00192783,-1664.01,-1036.5
13.48,0.00565623,0.00191109,-1684.74,-1036.5
13.5,0.00569428,0.00189414,-1705.47,-1036.5
13.52,0.005732,0.00187698,-1726.2,-1036.5
13.54,0.00576936,0.00185961,-1746.93,-1036.5
13.56,0.00580638,0.00184204,-1767.66,-1036.5
13.58,0.00584304,0.00182426,-1788.39,-1036.5
13.6,0.00587935,0.00180627,-1809.12,-1036.5
13.62,0.00591529,0.00178808,-1829.85,-1036.5
13.64,0.00595087,0.00176968,-1850.58,-1036.5
13.66,0.00598608,0.00175107,-1871.31,-1036.5
13.68,0.00602091,0.00173225,-1892.04,-1036.5
13.7,0.00605537,0.00171323,-1912.77,-1036.5
13.72,0.00608944,0.00169399,-1933.5,-1036.5
13.74,0.00612312,0.00167456,-1954.23,-1036.5
13.76,0.00615642,0.00165491,-1974.96,-1036.5
13.78,0.00618932,0.00163506,-1995.69,-1036.5
13.8,0.00622182,0.001615,-2016.42,-1036.5
13.82,0.00625392,0.00159473,-2037.15,-1036.5
13.84,0.00628561,0.00157425,-2057.88,-1036.5
13.86,0.00631689,0.00155357,-2078.61,-1036.5
13.88,0.00634775,0.00153268,-2099.34,-1036.5
13.9,0.00637819,0.00151158,-2120.07,-1036.5
13.92,0.00640821,0.00149028,-2140.8,-1036.5
13.94,0.0064378,0.00146877,-2161.53,-1036.5
13.96,0.00646696,0.00144705,-2182.26,-1036.5
13.98,0.00649568,0.00142512,-2202.99,-1036.5
14,0.00652396,0.00140299,-2228.72,-486.502
14.02,0.0065518,0.00138065,-2238.45,-486.502
14.04,0.00657919,0.00135822,-2248.18,-486.502
14.06,0.00660613,0.00133569,-2257.91,-486.502
14.08,0.00663262,0.00131306,-2267.64,-486.502
14.1,0.00665865,0.00129034,-2277.37,-486.502
14.12,0.00668423,0.00126751,-2287.1,-486.502
14.14,0.00670935,0.00124459,-2296.83,-486.502
14.16,0.00673401,0.00122158,-2306.56,-486.502
14.18,0.00675821,0.00119846,-2316.29,-486.502
14.2,0.00678195,0.00117525,-2326.02,-486.502
14.22,0.00680522,0.00115194,-2335.75,-486.502
14.24,0.00682803,0.00112854,-2345.48,-486.502
14.26,0.00685036,0.00110503,-2355.21,-486.502
14.28,0.00687223,0.00108143,-2364.94,-486.502
14.3,0.00689362,0.00105773,-2374.67,-486.502
14.32,0.00691454,0.00103394,-2384.4,-486.502
14.34,0.00693498,0.00101005,-2394.13,-486.502
14.36,0.00695494,0.000986056,-2403.86,-486.502
14.38,0.00697442,0.000961969,-2413.59,-486.502
14.4,0.00699342,0.000937785,-2423.32,-486.502
14.42,0.00701193,0.000913503,-2433.05,-486.502
14.44,0.00702996,0.000889124,-2442.78,-486.502
14.46,0.00704749,0.000864647,-2452.51,-486.502
14.48,0.00706454,0.000840073,-2462.24,-486.502
14.5,0.0070811,0.000815402,-2471.97,-486.502
14.52,0.00709716,0.000790634,-2481.7,-486.502
14.54,0.00711272,0.000765768,-2491.43,-486.502
14.56,0.00712779,0.000740805,-2501.16,-486.502
14.58,0.00714235,0.000715745,-2510.89,-486.502
14.6,0.00715642,0.000690587,-2520.62,-486.502
14.62,0.00716998,0.000665332,-2530.35,-486.502
14.64,0.00718303,0.00063998,-2540.08,-486.502
14.66,0.00719557,0.000614531,-2549.81,-486.502
14.68,0.00720761,0.000588984,-2559.54,-486.502
14.7,0.00721913,0.00056334,-2569.27,-486.502
14.72,0.00723014,0.000537598,-2579,-486.502
14.74,0.00724064,0.00051176,-2588.73,-486.502
14.76,0.00725061,0.000485824,-2598.46,-486.502
14.78,0.00726007,0.00045979,-2608.19,-486.502
14.8,0.007269,0.00043366,-2617.92,-486.502
14.82,0.00727741,0.000407432,-2627.65,-486.502
14.84,0.0072853,0.000381107,-2637.38,-486.502
14.86,0.00729266,0.000354684,-2647.11,-486.502
14.88,0.00729949,0.000328164,-2656.84,-486.502
14.9,0.00730578,0.000301547,-2666.57,-486.502
14.92,0.00731155,0.000274833,-2676.3,-486.502
14.94,0.00731678,0.000248021,-2686.03,-486.502
14.96,0.00732147,0.000221112,-2695.76,-486.502
14.98,0.00732562,0.000194106,-2705.49,-486.502
15,0.00732923,0.000167002,-2720.22,138.498
15.02,0.0073323,0.000139814,-2717.45,138.498
15.04,0.00733482,0.000112653,-2714.68,138.498
15.06,0.00733681,8.55203e-05,-2711.91,138.498
15.08,0.00733824,5.8415e-05,-2709.14,138.498
15.1,0.00733914,3.13375e-05,-2706.37,138.498
15.12,0.0073395,4.28755e-06,-2703.6,138.498
15.14,0.00733931,-2.27346e-05,-2700.83,138.498
15.16,0.00733859,-4.97291e-05,-2698.06,138.498
15.18,0.00733732,-7.66959e-05,-2695.29,138.498
15.2,0.00733552,-0.000103635,-2692.52,138.498
15.22,0.00733318,-0.000130546,-2689.75,138.498
15.24,0.0073303,-0.00015743,-2686.98,138.498
15.26,0.00732688,-0.000184286,-2684.21,138.498
15.28,0.00732293,-0.000211114,-2681.44,138.498
15.3,0.00731844,-0.000237915,-2678.67,138.498
15.32,0.00731341,-0.000264688,-2675.9,138.498
15.34,0.00730785,-0.000291433,-2673.14,138.498
15.36,0.00730176,-0.000318151,-2670.37,138.498
15.38,0.00729513,-0.00034484,-2667.6,138.498
15.4,0.00728796,-0.000371503,-2664.83,138.498
15.42,0.00728027,-0.000398137,-2662.06,138.498
15.44,0.00727204,-0.000424744,-2659.29,138.498
15.46,0.00726328,-0.000451323,-2656.52,138.498
15.48,0.00725398,-0.000477874,-2653.75,138.498
15.5,0.00724416,-0.000504398,-2650.98,138.498
15.52,0.00723381,-0.000530893,-2648.21,138.498
15.54,0.00722293,-0.000557362,-2645.44,138.498
15.56,0.00721151,-0.000583802,-2642.67,138.498
15.58,0.00719957,-0.000610215,-2639.9,138.498
15.6,0.00718711,-0.0006366,-2637.13,138.498
15.62,0.00717411,-0.000662957,-2634.36,138.498
15.64,0.00716059,-0.000689287,-2631.59,138.498
15.66,0.00714654,-0.000715589,-2628.82,138.498
15.68,0.00713196,-0.000741863,-2626.05,138.498
15.7,0.00711686,-0.00076811,-2623.28,138.498
15.72,0.00710124,-0.000794329,-2620.51,138.498
15.74,0.00708509,-0.00082052,-2617.74,138.498
15.76,0.00706842,-0.000846684,-2614.97,138.498
15.78,0.00705122,-0.00087282,-2612.2,138.498
15.8,0.00703351,-0.000898928,-2609.43,138.498
15.82,0.00701527,-0.000925008,-2606.66,138.498
15.84,0.00699651,-0.000951061,-2603.89,138.498
15.86,0.00697722,-0.000977086,-2601.12,138.498
15.88,0.00695742,-0.00100308,-2598.35,138.498
15.9,0.0069371,-0.00102905,-2595.58,138.498
15.92,0.00691626,-0.00105499,-2592.81,138.498
15.94,0.0068949,-0.00108091,-2590.04,138.498
15.96,0.00687302,-0.0011068,-2587.27,138.498
15.98,0.00685063,-0.00113265,-2584.5,138.498
16,0.00682772,-0.00115849,-2586.73,838.498
16.02,0.00680429,-0.00118427,-2569.96,838.498
16.04,0.00678035,-0.00120988,-2553.19,838.498
16.06,0.0067559,-0.00123533,-2536.42,838.498
16.08,0.00673094,-0.00126061,-2519.65,838.498
16.1,0.00670547,-0.00128573,-2502.88,838.498
16.12,0.00667951,-0.00131067,-2486.11,838.498
16.14,0.00665305,-0.00133545,-2469.34,838.498
16.16,0.00662609,-0.00136006,-2452.57,838.498
16.18,0.00659865,-0.0013845,-2435.8,838.498
16.2,0.00657071,-0.00140877,-2419.03,838.498
16.22,0.0065423,-0.00143288,-2402.26,838.498
16.24,0.0065134,-0.00145682,-2385.49,838.498
16.26,0.00648403,-0.00148059,-2368.72,838.498
16.28,0.00645418,-0.00150419,-2351.95,838.498
16.3,0.00642386,-0.00152763,-2335.18,838.498
16.32,0.00639307,-0.0015509,-2318.41,838.498
16.34,0.00636182,-0.001574,-2301.64,838.498
16.36,0.00633011,-0.00159693,-2284.87,838.498
16.38,0.00629795,-0.00161969,-2268.1,838.498
16.4,0.00626533,-0.00164229,-2251.33,838.498
16.42,0.00623226,-0.00166472,-2234.56,838.498
16.44,0.00619874,-0.00168698,-2217.79,838.498
16.46,0.00616478,-0.00170908,-2201.02,838.498
16.48,0.00613038,-0.001731,-2184.25,838.498
16.5,0.00609554,-0.00175276,-2167.48,838.498
16.52,0.00606027,-0.00177435,-2150.71,838.498
16.54,0.00602457,-0.00179577,-2133.94,838.498
16.56,0.00598844,-0.00181703,-2117.17,838.498
16.58,0.00595189,-0.00183812,-2100.4,838.498
16.6,0.00591492,-0.00185904,-2083.63,838.498
16.62,0.00587753,-0.00187979,-2066.86,838.498
16.64,0.00583972,-0.00190038,-2050.09,838.498
16.66,0.00580151,-0.00192079,-2033.32,838.498
16.68,0.00576289,-0.00194104,-2016.55,838.498
16.7,0.00572387,-0.00196112,-1999.78,838.498
16.72,0.00568445,-0.00198104,-1983.01,838.498
16.74,0.00564463,-0.00200078,-1966.24,838.498
16.76,0.00560442,-0.00202036,-1949.47,838.498
16.78,0.00556382,-0.00203977,-1932.7,838.498
16.8,0.00552283,-0.00205902,-1915.93,838.498
16.82,0.00548146,-0.00207809,-1899.16,838.498
16.84,0.00543971,-0.002097,-1882.39,838.498
16.86,0.00539758,-0.00211574,-1865.62,838.498
16.88,0.00535508,-0.00213431,-1848.85,838.498
16.9,0.00531221,-0.00215272,-1832.08,838.498
16.92,0.00526897,-0.00217095,-1815.31,838.498
16.94,0.00522537,-0.00218902,-1798.54,838.498
16.96,0.00518141,-0.00220692,-1781.77,838.498
16.98,0.0051371,-0.00222466,-1765,838.498
17,0.00509243,-0.00224222,-1753.23,1613.5
17.02,0.00504741,-0.00225959,-1720.96,1613.5
17.04,0.00500205,-0.00227664,-1688.69,1613.5
17.06,0.00495634,-0.00229337,-1656.42,1613.5
17.08,0.00491031,-0.00230977,-1624.15,1613.5
17.1,0.00486396,-0.00232585,-1591.88,1613.5
17.12,0.00481728,-0.00234161,-1559.61,1613.5
17.14,0.00477029,-0.00235704,-1527.34,1613.5
17.16,0.004723,-0.00237216,-1495.07,1613.5
17.18,0.00467541,-0.00238695,-1462.8,1613.5
17.2,0.00462753,-0.00240141,-1430.53,1613.5
17.22,0.00457936,-0.00241556,-1398.26,1613.5
17.24,0.00453091,-0.00242938,-1365.99,1613.5
17.26,0.00448218,-0.00244288,-1333.72,1613.5
17.28,0.00443319,-0.00245605,-1301.45,1613.5
17.3,0.00438394,-0.0024689,-1269.18,1613.5
17.32,0.00433444,-0.00248143,-1236.91,1613.5
17.34,0.00428469,-0.00249364,-1204.64,1613.5
17.36,0.0042347,-0.00250553,-1172.37,1613.5
17.38,0.00418447,-0.00251709,-1140.1,1613.5
17.4,0.00413401,-0.00252833,-1107.83,1613.5
17.42,0.00408334,-0.00253925,-1075.56,1613.5
17.44,0.00403245,-0.00254984,-1043.29,1613.5
17.46,0.00398135,-0.00256011,-1011.02,1613.5
17.48,0.00393004,-0.00257006,-978.749,1613.5
17.5,0.00387855,-0.00257969,-946.479,1613.5
17.52,0.00382686,-0.00258899,-914.209,1613.5
17.54,0.00377499,-0.00259797,-881.939,1613.5
17.56,0.00372294,-0.00260663,-849.669,1613.5
17.58,0.00367073,-0.00261496,-817.399,1613.5
17.6,0.00361835,-0.00262298,-785.129,1613.5
17.62,0.00356581,-0.00263067,-752.859,1613.5
17.64,0.00351312,-0.00263803,-720.589,1613.5
17.66,0.00346029,-0.00264508,-688.319,1613.5
17.68,0.00340732,-0.0026518,-656.049,1613.5
17.7,0.00335422,-0.0026582,-623.779,1613.5
17.72,0.00330099,-0.00266428,-591.509,1613.5
17.74,0.00324765,-0.00267003,-559.239,1613.5
17.76,0.00319419,-0.00267546,-526.969,1613.5
17.78,0.00314063,-0.00268057,-494.699,1613.5
17.8,0.00308697,-0.00268536,-462.43,1613.5
17.82,0.00303322,-0.00268982,-430.16,1613.5
17.84,0.00297938,-0.00269396,-397.89,1613.5
17.86,0.00292547,-0.00269778,-365.62,1613.5
17.88,0.00287147,-0.00270127,-333.35,1613.5
17.9,0.00281742,-0.00270444,-301.08,1613.5
17.92,0.0027633,-0.00270729,-268.81,1613.5
17.94,0.00270913,-0.00270982,-236.54,1613.5
17.96,0.00265491,-0.00271202,-204.27,1613.5
17.98,0.00260065,-0.0027139,-172,1613.5
18,0.00254635,-0.00271546,-144.73,2463.5
18.02,0.00249203,-0.00271666,-95.4599,2463.5
18.04,0.00243769,-0.00271737,-46.1899,2463.5
18.06,0.00238334,-0.00271759,3.08003,2463.5
18.08,0.00232899,-0.00271731,52.35,2463.5
18.1,0.00227465,-0.00271654,101.62,2463.5
18.12,0.00222033,-0.00271528,150.89,2463.5
18.14,0.00216604,-0.00271352,200.16,2463.5
18.16,0.00211179,-0.00271128,249.43,2463.5
18.18,0.0020576,-0.00270853,298.7,2463.5
18.2,0.00200346,-0.0027053,347.97,2463.5
18.22,0.00194939,-0.00270158,397.24,2463.5
18.24,0.0018954,-0.00269736,446.51,2463.5
18.26,0.0018415,-0.00269265,495.78,2463.5
18.28,0.00178769,-0.00268744,545.05,2463.5
18.3,0.001734,-0.00268174,594.32,2463.5
18.32,0.00168043,-0.00267555,643.59,2463.5
18.34,0.00162698,-0.00266887,692.86,2463.5
18.36,0.00157368,-0.0026617,742.129,2463.5
18.38,0.00152052,-0.00265403,791.399,2463.5
18.4,0.00146752,-0.00264587,840.669,2463.5
18.42,0.00141469,-0.00263722,889.939,2463.5
18.44,0.00136203,-0.00262807,939.209,2463.5
18.46,0.00130957,-0.00261843,988.479,2463.5
18.48,0.0012573,-0.0026083,1037.75,2463.5
18.5,0.00120524,-0.00259768,1087.02,2463.5
18.52,0.0011534,-0.00258656,1136.29,2463.5
18.54,0.00110178,-0.00257495,1185.56,2463.5
18.56,0.0010504,-0.00256285,1234.83,2463.5
18.58,0.000999269,-0.00255025,1284.1,2463.5
18.6,0.000948394,-0.00253717,1333.37,2463.5
18.62,0.000897785,-0.00252359,1382.64,2463.5
18.64,0.000847453,-0.00250951,1431.91,2463.5
18.66,0.000797408,-0.00249495,1481.18,2463.5
18.68,0.000747659,-0.00247989,1530.45,2463.5
18.7,0.000698216,-0.00246434,1579.72,2463.5
18.72,0.000649088,-0.0024483,1628.99,2463.5
18.74,0.000600287,-0.00243176,1678.26,2463.5
18.76,0.000551821,-0.00241473,1727.53,2463.5
18.78,0.000503701,-0.00239721,1776.8,2463.5
18.8,0.000455936,-0.0023792,1826.07,2463.5
18.82,0.000408536,-0.00236069,1875.34,2463.5
18.84,0.000361512,-0.00234169,1924.61,2463.5
18.86,0.000314872,-0.0023222,1973.88,2463.5
18.88,0.000268627,-0.00230221,2023.15,2463.5
18.9,0.000222787,-0.00228173,2072.42,2463.5
18.92,0.000177361,-0.00226076,2121.69,2463.5
18.94,0.00013236,-0.0022393,2170.96,2463.5
18.96,8.77925e-05,-0.00221734,2220.23,2463.5
18.98,4.36693e-05,-0.0021949,2269.5,2463.5
19,1.07206e-12,-0.00217195,2313.77,-1215.21
19.02,-4.32085e-05,-0.00214894,2289.46,-1215.21
19.04,-8.59591e-05,-0.00212616,2265.16,-1215.21
19.06,-0.000128257,-0.00210363,2240.86,-1215.21
19.08,-0.000170106,-0.00208135,2216.55,-1215.21
19.1,-0.000211512,-0.0020593,2192.25,-1215.21
19.12,-0.00025248,-0.0020375,2167.94,-1215.21
19.14,-0.000293014,-0.00201594,2143.64,-1215.21
19.16,-0.000333119,-0.00199463,2119.33,-1215.21
19.18,-0.000372801,-0.00197356,2095.03,-1215.21
19.2,-0.000412063,-0.00195273,2070.73,-1215.21
19.22,-0.000450912,-0.00193214,2046.42,-1215.21
19.24,-0.000489351,-0.0019118,2022.12,-1215.21
19.26,-0.000527385,-0.0018917,1997.81,-1215.21
19.28,-0.00056502,-0.00187184,1973.51,-1215.21
19.3,-0.000602261,-0.00185223,1949.2,-1215.21
19.32,-0.000639111,-0.00183286,1924.9,-1215.21
19.34,-0.000675577,-0.00181373,1900.6,-1215.21
19.36,-0.000711662,-0.00179485,1876.29,-1215.21
19.38,-0.000747372,-0.00177621,1851.99,-1215.21
19.4,-0.000782712,-0.00175781,1827.68,-1215.21
19.42,-0.000817686,-0.00173965,1803.38,-1215.21
19.44,-0.0008523,-0.00172174,1779.07,-1215.21
19.46,-0.000886557,-0.00170407,1754.77,-1215.21
19.48,-0.000920464,-0.00168665,1730.47,-1215.21
19.5,-0.000954025,-0.00166946,1706.16,-1215.21
19.52,-0.000987244,-0.00165252,1681.86,-1215.21
19.54,-0.00102013,-0.00163583,1657.55,-1215.21
19.56,-0.00105268,-0.00161937,1633.25,-1215.21
19.58,-0.0010849,-0.00160316,1608.94,-1215.21
19.6,-0.00111681,-0.00158719,1584.64,-1215.21
19.62,-0.00114839,-0.00157147,1560.34,-1215.21
19.64,-0.00117967,-0.00155599,1536.03,-1215.21
19.66,-0.00121063,-0.00154075,1511.73,-1215.21
19.68,-0.0012413,-0.00152575,1487.42,-1215.21
19.7,-0.00127167,-0.001511,1463.12,-1215.21
19.72,-0.00130174,-0.00149649,1438.82,-1215.21
19.74,-0.00133153,-0.00148222,1414.51,-1215.21
19.76,-0.00136103,-0.0014682,1390.21,-1215.21
19.78,-0.00139026,-0.00145442,1365.9,-1215.21
19.8,-0.00141921,-0.00144088,1341.6,-1215.21
19.82,-0.00144789,-0.00142759,1317.29,-1215.21
19.84,-0.00147631,-0.00141453,1292.99,-1215.21
19.86,-0.00150448,-0.00140173,1268.69,-1215.21
19.88,-0.00153238,-0.00138916,1244.38,-1215.21
19.9,-0.00156004,-0.00137684,1220.08,-1215.21
19.92,-0.00158746,-0.00136476,1195.77,-1215.21
19.94,-0.00161464,-0.00135292,1171.47,-1215.21
19.96,-0.00164158,-0.00134133,1147.16,-1215.21
19.98,-0.00166829,-0.00132998,1122.86,-1215.21
20,-0.00169478,-0.00131887,1179.39,-726.463
20.02,-0.00172104,-0.00130715,1164.86,-726.463
20.04,-0.00174707,-0.00129558,1150.33,-726.463
20.06,-0.00177286,-0.00128414,1135.8,-726.463
20.08,-0.00179843,-0.00127286,1121.27,-726.463
20.1,-0.00182378,-0.00126172,1106.74,-726.463
20.12,-0.0018489,-0.00125072,1092.21,-726.463
20.14,-0.00187381,-0.00123988,1077.68,-726.463
20.16,-0.0018985,-0.00122917,1063.15,-726.463
20.18,-0.00192298,-0.00121861,1048.63,-726.463
20.2,-0.00194724,-0.0012082,1034.1,-726.463
20.22,-0.00197131,-0.00119793,1019.57,-726.463
20.24,-0.00199516,-0.00118781,1005.04,-726.463
20.26,-0.00201882,-0.00117783,990.508,-726.463
20.28,-0.00204228,-0.001168,975.979,-726.463
20.3,-0.00206554,-0.00115831,961.45,-726.463
20.32,-0.00208861,-0.00114877,946.921,-726.463
20.34,-0.00211149,-0.00113937,932.391,-726.463
20.36,-0.00213419,-0.00113012,917.862,-726.463
20.38,-0.0021567,-0.00112101,903.333,-726.463
20.4,-0.00217903,-0.00111205,888.804,-726.463
20.42,-0.00220118,-0.00110324,874.274,-726.463
20.44,-0.00222316,-0.00109457,859.745,-726.463
20.46,-0.00224496,-0.00108604,845.216,-726.463
20.48,-0.0022666,-0.00107766,830.687,-726.463
20.5,-0.00228807,-0.00106943,816.157,-726.463
20.52,-0.00230938,-0.00106134,801.628,-726.463
20.54,-0.00233053,-0.0010534,787.099,-726.463
20.56,-0.00235152,-0.0010456,772.569,-726.463
20.58,-0.00237235,-0.00103795,758.04,-726.463
20.6,-0.00239303,-0.00103044,743.511,-726.463
20.62,-0.00241357,-0.00102308,728.982,-726.463
20.64,-0.00243396,-0.00101586,714.452,-726.463
20.66,-0.0024542,-0.00100879,699.923,-726.463
20.68,-0.00247431,-0.00100186,685.394,-726.463
20.7,-0.00249428,-0.000995078,670.865,-726.463
20.72,-0.00251411,-0.000988442,656.335,-726.463
20.74,-0.00253382,-0.000981952,641.806,-726.463
20.76,-0.00255339,-0.000975606,627.277,-726.463
20.78,-0.00257284,-0.000969406,612.748,-726.463
20.8,-0.00259217,-0.000963351,598.218,-726.463
20.82,-0.00261138,-0.000957442,583.689,-726.463
20.84,-0.00263047,-0.000951678,569.16,-726.463
20.86,-0.00264945,-0.000946059,554.631,-726.463
20.88,-0.00266831,-0.000940585,540.101,-726.463
20.9,-0.00268707,-0.000935257,525.572,-726.463
20.92,-0.00270572,-0.000930073,511.043,-726.463
20.94,-0.00272428,-0.000925036,496.514,-726.463
20.96,-0.00274273,-0.000920143,481.984,-726.463
20.98,-0.00276108,-0.000915396,467.455,-726.463
21,-0.00277934,-0.000910794,1452.93,-726.463
21.02,-0.00279741,-0.000896338,1438.4,-726.463
21.04,-0.0028152,-0.000882026,1423.87,-726.463
21.06,-0.0028327,-0.00086786,1409.34,-726.463
21.08,-0.00284991,-0.000853839,1394.81,-726.463
21.1,-0.00286685,-0.000839964,1380.28,-726.463
21.12,-0.00288351,-0.000826234,1365.75,-726.463
21.14,-0.0028999,-0.000812649,1351.22,-726.463
21.16,-0.00291602,-0.000799209,1336.69,-726.463
21.18,-0.00293187,-0.000785915,1322.16,-726.463
21.2,-0.00294746,-0.000772766,1307.63,-726.463
21.22,-0.00296278,-0.000759762,1293.1,-726.463
21.24,-0.00297785,-0.000746904,1278.57,-726.463
21.26,-0.00299266,-0.000734191,1264.05,-726.463
21.28,-0.00300722,-0.000721623,1249.52,-726.463
21.3,-0.00302153,-0.000709201,1234.99,-726.463
21.32,-0.00303559,-0.000696923,1220.46,-726.463
21.34,-0.0030494,-0.000684792,1205.93,-726.463
21.36,-0.00306298,-0.000672805,1191.4,-726.463
21.38,-0.00307632,-0.000660964,1176.87,-726.463
21.4,-0.00308942,-0.000649267,1162.34,-726.463
21.42,-0.00310229,-0.000637717,1147.81,-726.463
21.44,-0.00311493,-0.000626311,1133.28,-726.463
21.46,-0.00312734,-0.000615051,1118.75,-726.463
21.48,-0.00313953,-0.000603936,1104.22,-726.463
21.5,-0.0031515,-0.000592967,1089.69,-726.463
21.52,-0.00316325,-0.000582142,1075.17,-726.463
21.54,-0.00317479,-0.000571463,1060.64,-726.463
21.56,-0.00318611,-0.00056093,1046.11,-726.463
21.58,-0.00319722,-0.000550541,1031.58,-726.463
21.6,-0.00320813,-0.000540298,1017.05,-726.463
21.62,-0.00321884,-0.0005302,1002.52,-726.463
21.64,-0.00322934,-0.000520248,987.99,-726.463
21.66,-0.00323965,-0.00051044,973.46,-726.463
21.68,-0.00324976,-0.000500778,958.931,-726.463
21.7,-0.00325968,-0.000491262,944.402,-726.463
21.72,-0.00326941,-0.00048189,929.873,-726.463
21.74,-0.00327896,-0.000472664,915.343,-726.463
21.76,-0.00328832,-0.000463584,900.814,-726.463
21.78,-0.0032975,-0.000454648,886.285,-726.463
21.8,-0.00330651,-0.000445858,871.755,-726.463
21.82,-0.00331534,-0.000437213,857.226,-726.463
21.84,-0.003324,-0.000428713,842.697,-726.463
21.86,-0.00333249,-0.000420359,828.168,-726.463
21.88,-0.00334081,-0.00041215,813.638,-726.463
21.9,-0.00334897,-0.000404086,799.109,-726.463
21.92,-0.00335698,-0.000396168,784.58,-726.463
21.94,-0.00336482,-0.000388395,770.051,-726.463
21.96,-0.00337251,-0.000380767,755.521,-726.463
21.98,-0.00338005,-0.000373284,740.992,-726.463
22,-0.00338744,-0.000365947,726.463,-726.463
22.02,-0.00339469,-0.000358755,711.934,-726.463
22.04,-0.0034018,-0.000351708,697.404,-726.463
22.06,-0.00340876,-0.000344807,682.875,-726.463
22.08,-0.00341559,-0.000338051,668.346,-726.463
22.1,-0.00342228,-0.00033144,653.817,-726.463
22.12,-0.00342885,-0.000324974,639.287,-726.463
22.14,-0.00343528,-0.000318654,624.758,-726.463
22.16,-0.00344159,-0.000312479,610.229,-726.463
22.18,-0.00344778,-0.00030645,595.7,-726.463
22.2,-0.00345385,-0.000300565,581.17,-726.463
22.22,-0.00345981,-0.000294826,566.641,-726.463
22.24,-0.00346565,-0.000289232,552.112,-726.463
22.26,-0.00347138,-0.000283784,537.583,-726.463
22.28,-0.003477,-0.000278481,523.053,-726.463
22.3,-0.00348252,-0.000273323,508.524,-726.463
22.32,-0.00348793,-0.00026831,493.995,-726.463
22.34,-0.00349325,-0.000263443,479.466,-726.463
22.36,-0.00349847,-0.000258721,464.936,-726.463
22.38,-0.0035036,-0.000254144,450.407,-726.463
22.4,-0.00350864,-0.000249713,435.878,-726.463
22.42,-0.00351359,-0.000245427,421.348,-726.463
22.44,-0.00351846,-0.000241286,406.819,-726.463
22.46,-0.00352324,-0.00023729,392.29,-726.463
22.48,-0.00352795,-0.00023344,377.761,-726.463
22.5,-0.00353258,-0.000229735,363.231,-726.463
22.52,-0.00353714,-0.000226175,348.702,-726.463
22.54,-0.00354163,-0.000222761,334.173,-726.463
22.56,-0.00354605,-0.000219492,319.644,-726.463
22.58,-0.00355041,-0.000216368,305.114,-726.463
22.6,-0.00355471,-0.00021339,290.585,-726.463
22.62,-0.00355895,-0.000210557,276.056,-726.463
22.64,-0.00356313,-0.000207869,261.527,-726.463
22.66,-0.00356726,-0.000205326,246.997,-726.463
22.68,-0.00357134,-0.000202929,232.468,-726.463
22.7,-0.00357538,-0.000200677,217.939,-726.463
22.72,-0.00357937,-0.00019857,203.41,-726.463
22.74,-0.00358332,-0.000196608,188.88,-726.463
22.76,-0.00358724,-0.000194792,174.351,-726.463
22.78,-0.00359112,-0.000193121,159.822,-726.463
22.8,-0.00359496,-0.000191596,145.293,-726.463
22.82,-0.00359878,-0.000190216,130.763,-726.463
22.84,-0.00360257,-0.000188981,116.234,-726.463
22.86,-0.00360634,-0.000187891,101.705,-726.463
22.88,-0.00361009,-0.000186946,87.1755,-726.463
22.9,-0.00361382,-0.000186147,72.6463,-726.463
22.92,-0.00361754,-0.000185494,58.117,-726.463
22.94,-0.00362124,-0.000184985,43.5878,-726.463
22.96,-0.00362494,-0.000184622,29.0585,-726.463
22.98,-0.00362863,-0.000184404,14.5293,-726.463
23,-0.00363231,-0.000184331,7.58942e-12,-3.64292e-11
23.02,-0.003636,-0.000184331,2.92735e-12,-3.64292e-11
23.04,-0.00363969,-0.000184331,5.31259e-12,-3.64292e-11
23.06,-0.00364337,-0.000184331,7.58942e-13,-3.64292e-11
23.08,-0.00364706,-0.000184331,9.97466e-12,-3.64292e-11
23.1,-0.00365075,-0.000184331,5.31259e-12,-3.64292e-11
23.12,-0.00365443,-0.000184331,7.04731e-13,-3.64292e-11
23.14,-0.00365812,-0.000184331,9.92045e-12,-3.64292e-11
23.16,-0.00366181,-0.000184331,1.89735e-12,-3.64292e-11
23.18,-0.00366549,-0.000184331,7.04731e-13,-3.64292e-11
23.2,-0.00366918,-0.000184331,-4.87891e-13,-3.64292e-11
23.22,-0.00367287,-0.000184331,1.84314e-12,-3.64292e-11
23.24,-0.00367655,-0.000184331,-2.71051e-12,-3.64292e-11
23.26,-0.00368024,-0.000184331,-3.90313e-12,-3.64292e-11
23.28,-0.00368393,-0.000184331,-5.09575e-12,-3.64292e-11
23.3,-0.00368761,-0.000184331,-6.11219e-12,-3.64292e-11
23.32,-0.0036913,-0.000184331,-3.83198e-12,-3.64292e-11
23.34,-0.00369499,-0.000184331,-6.75763e-12,-3.64292e-11
23.36,-0.00369867,-0.000184331,-6.21383e-12,-3.64292e-11
23.38,-0.00370236,-0.000184331,-9.1344e-12,-3.64292e-11
23.4,-0.00370605,-0.000184331,-8.5923e-12,-3.64292e-11
23.42,-0.00370973,-0.000184331,-9.62229e-12,-3.64292e-11
23.44,-0.00371342,-0.000184331,-1.07878e-11,-3.64292e-11
23.46,-0.00371711,-0.000184331,-1.11131e-11,-3.64292e-11
23.48,-0.00372079,-0.000184331,-1.17094e-11,-3.64292e-11
23.5,-0.00372448,-0.000184331,-1.27936e-11,-3.64292e-11
23.52,-0.00372817,-0.000184331,-1.36609e-11,-3.64292e-11
23.54,-0.00373185,-0.000184331,-1.44199e-11,-3.64292e-11
23.56,-0.00373554,-0.000184331,-1.51788e-11,-3.64292e-11
23.58,-0.00373923,-0.000184331,-1.60462e-11,-3.64292e-11
23.6,-0.00374291,-0.000184331,-1.63715e-11,-3.64292e-11
23.62,-0.0037466,-0.000184331,-1.75641e-11,-3.64292e-11
23.64,-0.00375029,-0.000184331,-2.04914e-11,-3.64292e-11
23.66,-0.00375397,-0.000184331,-1.82146e-11,-3.64292e-11
23.68,-0.00375766,-0.000184331,-2.46114e-11,-3.64292e-11
23.7,-0.00376135,-0.000184331,-1.85399e-11,-3.64292e-11
23.72,-0.00376503,-0.000184331,-2.00577e-11,-3.64292e-11
23.74,-0.00376872,-0.000184331,-2.09251e-11,-3.64292e-11
23.76,-0.00377241,-0.000184331,-2.23346e-11,-3.64292e-11
23.78,-0.00377609,-0.000184331,-2.66714e-11,-3.64292e-11
23.8,-0.00377978,-0.000184331,-2.47198e-11,-3.64292e-11
23.82,-0.00378347,-0.000184331,-2.55872e-11,-3.64292e-11
23.84,-0.00378715,-0.000184331,-3.03577e-11,-3.64292e-11
23.86,-0.00379084,-0.000184331,-3.14419e-11,-3.64292e-11
23.88,-0.00379453,-0.000184331,-2.92735e-11,-3.64292e-11
23.9,-0.00379821,-0.000184331,-2.68882e-11,-3.64292e-11
23.92,-0.0038019,-0.000184331,-3.85976e-11,-3.64292e-11
23.94,-0.00380559,-0.000184331,-2.90566e-11,-3.64292e-11
23.96,-0.00380927,-0.000184331,-3.36103e-11,-3.64292e-11
23.98,-0.00381296,-0.000184331,-3.14419e-11,-3.64292e-11
24,-0.00381665,-0.000184331,-6.28837e-12,5.20417e-12
24.02,-0.00382033,-0.000184331,2.92735e-12,5.20417e-12
24.04,-0.00382402,-0.000184331,-1.6263e-12,5.20417e-12
24.06,-0.00382771,-0.000184331,-6.17995e-12,5.20417e-12
24.08,-0.00383139,-0.000184331,-3.90313e-12,5.20417e-12
24.1,-0.00383508,-0.000184331,-1.6263e-12,5.20417e-12
24.12,-0.00383877,-0.000184331,-6.23416e-12,5.20417e-12
24.14,-0.00384245,-0.000184331,-3.95734e-12,5.20417e-12
24.16,-0.00384614,-0.000184331,-8.51099e-12,5.20417e-12
24.18,-0.00384983,-0.000184331,-2.76472e-12,5.20417e-12
24.2,-0.00385351,-0.000184331,-4.87891e-13,5.20417e-12
24.22,-0.0038572,-0.000184331,-1.6263e-12,5.20417e-12
24.24,-0.00386089,-0.000184331,-2.71051e-12,5.20417e-12
24.26,-0.00386457,-0.000184331,-4.33681e-13,5.20417e-12
24.28,-0.00386826,-0.000184331,-1.6263e-12,5.20417e-12
24.3,-0.00387195,-0.000184331,-2.64274e-12,5.20417e-12
24.32,-0.00387563,-0.000184331,-3.83198e-12,5.20417e-12
24.34,-0.00387932,-0.000184331,1.81265e-13,5.20417e-12
24.36,-0.00388301,-0.000184331,-1.00966e-12,5.20417e-12
24.38,-0.00388669,-0.000184331,-4.60786e-13,5.20417e-12
24.4,-0.00389038,-0.000184331,-1.65341e-12,5.20417e-12
24.42,-0.00389406,-0.000184331,-8.13152e-14,5.20417e-12
24.44,-0.00389775,-0.000184331,-3.79471e-13,5.20417e-12
24.46,-0.00390144,-0.000184331,-2.71051e-13,5.20417e-12
24.48,-0.00390512,-0.000184331,-2.1684e-13,5.20417e-12
24.5,-0.00390881,-0.000184331,0,5.20417e-12
24.52,-0.0039125,-0.000184331,0,5.20417e-12
24.54,-0.00391618,-0.000184331,-1.0842e-13,5.20417e-12
24.56,-0.00391987,-0.000184331,4.33681e-13,5.20417e-12
24.58,-0.00392356,-0.000184331,4.33681e-13,5.20417e-12
24.6,-0.00392724,-0.000184331,9.75782e-13,5.20417e-12
24.62,-0.00393093,-0.000184331,-2.1684e-13,5.20417e-12
24.64,-0.00393462,-0.000184331,2.05998e-12,5.20417e-12
24.66,-0.0039383,-0.000184331,8.67362e-13,5.20417e-12
24.68,-0.00394199,-0.000184331,3.14419e-12,5.20417e-12
24.7,-0.00394568,-0.000184331,2.27682e-12,5.20417e-12
24.72,-0.00394936,-0.000184331,7.58942e-13,5.20417e-12
24.74,-0.00395305,-0.000184331,-1.0842e-13,5.20417e-12
24.76,-0.00395674,-0.000184331,1.95156e-12,5.20417e-12
24.78,-0.00396042,-0.000184331,1.0842e-12,5.20417e-12
24.8,-0.00396411,-0.000184331,-4.33681e-13,5.20417e-12
24.82,-0.0039678,-0.000184331,2.1684e-12,5.20417e-12
24.84,-0.00397148,-0.000184331,7.80626e-12,5.20417e-12
24.86,-0.00397517,-0.000184331,1.01915e-11,5.20417e-12
24.88,-0.00397886,-0.000184331,5.42101e-12,5.20417e-12
24.9,-0.00398254,-0.000184331,8.67362e-13,5.20417e-12
24.92,-0.00398623,-0.000184331,9.97466e-12,5.20417e-12
24.94,-0.00398992,-0.000184331,5.63785e-12,5.20417e-12
24.96,-0.0039936,-0.000184331,1.0842e-12,5.20417e-12
24.98,-0.00399729,-0.000184331,3.25261e-12,5.20417e-12
