0.0250000000000000,1.467046687109007e-07,1.1692915299292792e-05,925.0032565244005,-834.3973935218347
0.0500000000000000,5.824728550856766e-07,2.312508141311001e-05,904.1433216863546,-834.3973935218347
0.0750000000000000,1.3007858294874385e-06,3.429649834145166e-05,883.2833868483087,-834.3973935218347
0.100000000000000,2.2951248622792964e-06,4.520716608431773e-05,862.423452010263,-834.3973935218347
0.125000000000000,3.5589712238243613e-06,5.5857084641708224e-05,841.5635171722171,-834.3973935218347
0.150000000000000,5.085806184485744e-06,6.624625401362315e-05,820.7035823341712,-834.3973935218347
0.175000000000000,6.869111014626555e-06,7.63746742000625e-05,799.8436474961253,-834.3973935218347
0.200000000000000,8.902366984609905e-06,8.624234520102627e-05,778.9837126580794,-834.3973935218347
0.225000000000000,1.1179055364798906e-05,9.584926701651449e-05,758.1237778200336,-834.3973935218347
0.250000000000000,1.3692657425556665e-05,0.00010519543964652711,737.2638429819878,-834.3973935218347
0.275000000000000,1.6436654437246297e-05,0.00011428086309106416,716.4039081439419,-834.3973935218347
0.300000000000000,1.940452767023091e-05,0.00012310553735012567,695.543973305896,-834.3973935218347
0.325000000000000,2.2589758394873624e-05,0.00013166946242371158,674.6840384678501,-834.3973935218347
0.350000000000000,2.5985827881537537e-05,0.00013997263831182192,653.8241036298042,-834.3973935218347
0.375000000000000,2.958621740058576e-05,0.0001480150650144567,632.9641687917583,-834.3973935218347
0.400000000000000,3.338440822238141e-05,0.00015579674253161588,612.1042339537124,-834.3973935218347
0.425000000000000,3.73738816172876e-05,0.00016331767086329952,591.2442991156665,-834.3973935218347
0.450000000000000,4.1548118855667424e-05,0.0001705778500095076,570.3843642776208,-834.3973935218347
0.475000000000000,4.5900601207884025e-05,0.00017757727997024005,549.5244294395748,-834.3973935218347
0.500000000000000,5.0424809944300475e-05,0.00018431596074549694,528.664494601529,-834.3973935218347
0.525000000000000,5.51142263352799e-05,0.0001907938923352783,507.80455976348304,-834.3973935218347
0.550000000000000,5.996233165118543e-05,0.00019701107473958402,486.94462492543715,-834.3973935218347
0.575000000000000,6.496260716238015e-05,0.00020296750795841418,466.08469008739127,-834.3973935218347
0.600000000000000,7.010853413922719e-05,0.00020866319199176883,445.2247552493454,-834.3973935218347
0.625000000000000,7.539359385208964e-05,0.00021409812683964786,424.36482041129955,-834.3973935218347
0.650000000000000,8.081126757133062e-05,0.0002192723125020513,403.50488557325366,-834.3973935218347
0.675000000000000,8.635503656731325e-05,0.00022418574897897922,382.6449507352078,-834.3973935218347
0.700000000000000,9.201838211040064e-05,0.00022883843627043152,361.7850158971619,-834.3973935218347
0.725000000000000,9.779478547095589e-05,0.00023323037437640825,340.925081059116,-834.3973935218347
0.750000000000000,0.0001036777279193421,0.00023736156329690942,320.0651462210701,-834.3973935218347
0.775000000000000,0.0001096606907259224,0.00024123200303193502,299.2052113830242,-834.3973935218347
0.800000000000000,0.00011573715516105987,0.00024484169358148503,278.34527654497833,-834.3973935218347
0.825000000000000,0.00012190060249511772,0.0002481906349455595,257.48534170693245,-834.3973935218347
0.850000000000000,0.0001281445139984589,0.00025127882712415835,236.62540686888656,-834.3973935218347
0.875000000000000,0.00013446237094144665,0.00025410627011728166,215.76547203084067,-834.3973935218347
0.900000000000000,0.00014084765459444404,0.0002566729639249294,194.90553719279478,-834.3973935218347
0.925000000000000,0.00014729384622781417,0.0002589789085471015,174.0456023547489,-834.3973935218347
0.950000000000001,0.00015379442711192014,0.0002610241039837981,153.185667516703,-834.3973935218347
0.975000000000001,0.00016034287851712513,0.0002628085502350191,132.32573267865712,-834.3973935218347
1.00000000000000,0.00016693268171379214,0.00026433224730076455,111.46579784061134,-834.3973935218347
1.02500000000000,0.00017355731797228437,0.00026559519518103435,90.60586300256557,-834.3973935218347
1.05000000000000,0.00018021026856296482,0.0002665973938758287,69.74592816451968,-834.3973935218347
1.07500000000000,0.00018688501475619672,0.00026733884338514736,48.88599332647391,-834.3973935218347
1.10000000000000,0.00019357503782234321,0.00026781954370899046,28.026058488428134,-834.3973935218347
1.12500000000000,0.00020027381903176726,0.000268039494847358,7.16612365038236,-834.3973935218347
1.15000000000000,0.00020697483965483211,0.00026799869680025,-13.693811187663414,-834.3973935218347
1.17500000000000,0.00021367158096190076,0.00026769714956766653,-34.55374602570919,-834.3973935218347
1.20000000000000,0.00022035752422333636,0.00026713485314960736,-55.413680863755076,-834.3973935218347
1.22500000000000,0.00022702615070950213,0.0002663118075460726,-76.27361570180085,-834.3973935218347
1.25000000000000,0.000233670941690761,0.0002652280127570623,-97.13355053984662,-834.3973935218347
1.27500000000000,0.0002402853784374762,0.0002638834687825764,-117.9934853778924,-834.3973935218347
1.30000000000000,0.0002468629422200108,0.00026227817562261504,-138.85342021593817,-834.3973935218347
1.32500000000000,0.000253397114308728,0.000260412133277178,-159.71335505398395,-834.3973935218347
1.35000000000000,0.0002598813759739907,0.0002582853417462654,-180.57328989202972,-834.3973935218347
1.37500000000000,0.0002663092084861622,0.00025589780102987724,-201.4332247300755,-834.3973935218347
1.40000000000000,0.0002726740931156056,0.0002532495111280135,-222.2931595681215,-834.3973935218347
1.42500000000000,0.0002789695111326839,0.00025034047204067417,-243.15309440616727,-834.3973935218347
1.45000000000000,0.0002851889438077602,0.00024717068376785945,-264.01302924421304,-834.3973935218347
1.47500000000000,0.0002913258724111978,0.000243740146309569,-284.8729640822588,-834.3973935218347
1.50000000000000,0.0002973737782133597,0.00024004885966580293,-305.7328989203046,-834.3973935218347
1.52500000000000,0.000303326142484609,0.00023609682383656135,-326.59283375835037,-834.3973935218347
1.55000000000000,0.0003091764464953088,0.0002318840388218442,-347.45276859639614,-834.3973935218347
1.57500000000000,0.0003149181715158222,0.00022741050462165148,-368.3127034344419,-834.3973935218347
1.60000000000000,0.0003205447988165124,0.0002226762212359832,-389.1726382724877,-834.3973935218347
1.62500000000000,0.0003260498096677424,0.00021768118866483934,-410.03257311053346,-834.3973935218347
1.65000000000000,0.0003314266853398753,0.00021242540690821993,-430.89250794857924,-834.3973935218347
1.67500000000000,0.00033666890710327437,0.00020690887596612484,-451.752442786625,-834.3973935218347
1.70000000000000,0.00034176995622830255,0.0002011315958385543,-472.612377624671,-834.3973935218347
1.72500000000000,0.0003467233139853231,0.00019509356652550817,-493.4723124627168,-834.3973935218347
1.75000000000000,0.000351522461644699,0.00018879478802698638,-514.3322473007626,-834.3973935218347
1.77500000000000,0.0003561608804767934,0.00018223526034298913,-535.1921821388083,-834.3973935218347
1.80000000000000,0.0003606320517519694,0.00017541498347351631,-556.0521169768541,-834.3973935218347
1.82500000000000,0.0003649294567405902,0.00016833395741856782,-576.9120518148999,-834.3973935218347
1.85000000000000,0.0003690465767130189,0.00016099218217814377,-597.7719866529457,-834.3973935218347
1.87500000000000,0.0003729768929396185,0.00015338965775224425,-618.6319214909914,-834.3973935218347
1.90000000000000,0.00037671388669075205,0.00014552638414086906,-639.4918563290372,-834.3973935218347
1.92500000000000,0.00038025103923678284,0.0001374023613440184,-660.351791167083,-834.3973935218347
1.95000000000000,0.00038358183184807396,0.0001290175893616921,-681.2117260051288,-834.3973935218347
1.97500000000000,0.0003866997457949886,0.0001203720681938902,-702.0716608431748,-834.3973935218347
2.00000000000000,0.0003895982623478895,0.00011146579784061274,-722.9315956812205,-834.3973935218347
2.02500000000000,0.00039227216486047335,0.0001024550283018599,-718.7915305192695,165.6026064781654
2.05000000000000,0.0003947214450197701,9.349600957763116e-05,-714.6514653573154,165.6026064781654
2.07500000000000,0.0003969473965961426,8.458874166792695e-05,-710.5114001953613,165.6026064781654
2.10000000000000,0.00039895131335995407,7.573322457274719e-05,-706.371335033407,165.6026064781654
2.12500000000000,0.0004007344890815677,6.692945829209173e-05,-702.2312698714529,165.6026064781654
2.15000000000000,0.0004022982175313465,5.817744282596083e-05,-698.0912047094988,165.6026064781654
2.17500000000000,0.0004036437924796535,4.9477178174354245e-05,-693.9511395475447,165.6026064781654
2.20000000000000,0.00040477250769685176,4.08286643372722e-05,-689.8110743855905,165.6026064781654
2.22500000000000,0.00040568565695330483,3.22319013147148e-05,-685.6710092236364,165.6026064781654
2.25000000000000,0.0004063845340193753,2.3686889106681623e-05,-681.5309440616822,165.6026064781654
2.27500000000000,0.00040687043266542664,1.5193627713172651e-05,-677.3908788997282,165.6026064781654
2.30000000000000,0.0004071446466618215,6.752117134188551e-06,-673.2508137377743,165.6026064781654
2.32500000000000,0.0004072084697789237,-1.637642630271552e-06,-669.11074857582,165.6026064781654
2.35000000000000,0.00040706319578709583,-9.97565158020701e-06,-664.9706834138659,165.6026064781654
2.37500000000000,0.00040671011845670084,-1.8261909715618252e-05,-660.8306182519116,165.6026064781654
2.40000000000000,0.0004061505315581026,-2.649641703650485e-05,-656.6905530899576,165.6026064781654
2.42500000000000,0.00040538572886166365,-3.467917354286723e-05,-652.5504879280033,165.6026064781654
2.45000000000000,0.00040441700413774723,-4.2810179234704964e-05,-648.4104227660492,165.6026064781654
2.47500000000000,0.00040324565115671594,-5.0889434112018265e-05,-644.2703576040956,165.6026064781654
2.50000000000000,0.00040187296368893394,-5.891693817480735e-05,-640.1302924421414,165.6026064781654
2.52500000000000,0.00040030023550476323,-6.689269142307157e-05,-635.9902272801872,165.6026064781654
2.54999999999999,0.00039852876037456755,-7.481669385681158e-05,-631.8501621182331,165.6026064781654
2.57499999999999,0.0003965598320687104,-8.268894547602738e-05,-627.710096956279,165.6026064781654
2.59999999999999,0.0003943947443575542,-9.050944628071873e-05,-623.5700317943248,165.6026064781654
2.62499999999999,0.00039203479101146237,-9.827819627088566e-05,-619.4299666323707,165.6026064781654
2.64999999999999,0.00038948126580079756,-0.00010599519544652796,-615.2899014704166,165.6026064781654
2.67499999999999,0.0003867354624959234,-0.0001136604438076458,-611.1498363084625,165.6026064781654
2.69999999999999,0.00038379867486720295,-0.00012127394135423943,-607.0097711465083,165.6026064781654
2.72499999999999,0.00038067219668499954,-0.00012883568808630863,-602.8697059845541,165.6026064781654
2.74999999999999,0.00037735732171967525,-0.0001363456840038532,-598.7296408226,165.6026064781654
2.77499999999999,0.00037385534374159425,-0.00014380392910687354,-594.5895756606459,165.6026064781654
2.79999999999999,0.0003701675565211194,-0.00015121042339536923,-590.4495104986918,165.6026064781654
2.82499999999999,0.0003662952538286137,-0.00015856516686934072,-586.3094453367376,165.6026064781654
2.84999999999999,0.0003622397294344399,-0.00016586815952878754,-582.1693801747834,165.6026064781654
2.87499999999999,0.00035800227710896187,-0.00017311940137371015,-578.0293150128293,165.6026064781654
2.89999999999999,0.00035358419062254194,-0.00018031889240410835,-573.8892498508752,165.6026064781654
2.92499999999999,0.00034898676374554383,-0.00018746663261998188,-569.749184688921,165.6026064781654
2.94999999999999,0.0003442112902483309,-0.00019456262202133145,-565.6091195269669,165.6026064781654
2.97499999999999,0.00033925906390126596,-0.00020160686060815633,-561.4690543650128,165.6026064781654
2.99999999999999,0.0003341313784747112,-0.00020859934838045677,-557.3289892030591,165.6026064781654
3.02499999999999,0.00032882952773903026,-0.0002155400853382326,-553.1889240411049,165.6026064781654
3.04999999999999,0.0003233548054645867,-0.0002224290714814842,-549.0488588791509,165.6026064781654
3.07499999999999,0.0003177085054217437,-0.0002292663068102114,-544.9087937171967,165.6026064781654
3.09999999999999,0.0003118919213808643,-0.00023605179132441385,-540.7687285552424,165.6026064781654
3.12499999999999,0.0003059063471123108,-0.0002427855250240922,-536.6286633932884,165.6026064781654
3.14999999999999,0.0002997530763864471,-0.0002494675079092461,-532.4885982313342,165.6026064781654
3.17499999999999,0.00029343340297363667,-0.0002560977399798755,-528.34853306938,165.6026064781654
3.19999999999999,0.00028694862064424116,-0.0002626762212359805,-524.208467907426,165.6026064781654
3.22499999999999,0.00028030002316862477,-0.0002692029516775611,-520.0684027454718,165.6026064781654
3.24999999999999,0.0002734889043171506,-0.00027567793130461724,-515.9283375835178,165.6026064781654
3.27499999999999,0.0002665165578601814,-0.00028210116011714897,-511.78827242156353,165.6026064781654
3.29999999999999,0.0002593842775680813,-0.0002884726381151567,-507.6482072596093,165.6026064781654
3.32499999999999,0.0002520933572112121,-0.00029479236529863953,-503.5081420976553,165.6026064781654
3.34999999999999,0.00024464509055993703,-0.000301060341667598,-499.3680769357011,165.6026064781654
3.37499999999999,0.00023704077138461972,-0.00030727656722203176,-495.22801177374686,165.6026064781654
3.39999999999999,0.00022928169345562332,-0.0003134410419619413,-491.08794661179286,165.6026064781654
3.42499999999999,0.0002213691505433106,-0.00031955376588732696,-486.94788144983863,165.6026064781654
3.44999999999999,0.0002133044364180448,-0.0003256147389981872,-482.80781628788463,165.6026064781654
3.47499999999999,0.00020508884485018902,-0.00033162396129452344,-478.6677511259304,165.6026064781654
3.49999999999999,0.0001967236696101065,-0.0003375814327763357,-474.5276859639762,165.6026064781654
3.52499999999999,0.00018821020446815992,-0.0003434871534436231,-470.3876208020222,165.6026064781654
3.54999999999999,0.00017954974319471262,-0.0003493411232963861,-466.24755564006796,165.6026064781654
3.57499999999999,0.00017074357956012851,-0.000355143342334625,-462.1074904781142,165.6026064781654
3.59999999999999,0.00016179300733476954,-0.00036089381055833913,-457.9674253161602,165.6026064781654
3.62499999999999,0.00015269932028899927,-0.00036659252796752886,-453.82736015420596,165.6026064781654
3.64999999999999,0.0001434638121931801,-0.00037223949456219405,-449.68729499225196,165.6026064781654
3.67499999999999,0.00013408777681767693,-0.0003778347103423346,-445.54722983029774,165.6026064781654
3.69999999999999,0.00012457250793285158,-0.00038337817530795107,-441.4071646683435,165.6026064781654
3.72499999999999,0.00011491929930906733,-0.00038886988945904355,-437.2670995063895,165.6026064781654
3.74999999999999,0.00010512944471668733,-0.00039430985279561095,-433.1270343444353,165.6026064781654
3.77499999999999,9.520423792607472e-05,-0.00039969806531765415,-428.9869691824813,165.6026064781654
3.79999999999999,8.514497270759231e-05,-0.00040503452702517326,-424.84690402052706,165.6026064781654
3.82499999999999,7.495294283160368e-05,-0.0004103192379181674,-420.70683885857284,165.6026064781654
3.84999999999999,6.46294420684712e-05,-0.0004155521979966371,-416.56677369661884,165.6026064781654
3.87499999999999,5.4175764188559386e-05,-0.00042073340726058253,-412.4267085346646,165.6026064781654
3.89999999999999,4.359320296223044e-05,-0.00042586286571000395,-408.2866433727104,165.6026064781654
3.92499999999999,3.2883052159847124e-05,-0.00043094057334490084,-404.1465782107564,165.6026064781654
3.94999999999999,2.204660555177318e-05,-0.0004359665301652728,-400.00651304880216,165.6026064781654
3.97499999999999,1.1085156908371692e-05,-0.0004409407361711208,-395.86644788684816,165.6026064781654
3.99999999999999,4.228388472693467e-18,-0.000445863191362444,-391.72638272489394,165.6026064781654
4.02499999999999,-1.1207437404761773e-05,-0.000450717815955026,-385.0135520882327,268.5132254664863
4.04999999999999,-2.2535191544555784e-05,-0.0004554885301646498,-378.30072145157055,268.5132254664863
4.07499999999999,-3.3981164659802597e-05,-0.000460175333991315,-371.58789081490886,268.5132254664863
4.09999999999999,-4.5543258990929825e-05,-0.00046477822743502296,-364.87506017824626,268.5132254664863
4.12499999999999,-5.7219376778363563e-05,-0.00046929721049577123,-358.1622295415841,268.5132254664863
4.14999999999999,-6.90074202625285e-05,-0.0004737322831735622,-351.44939890492196,268.5132254664863
4.17499999999999,-8.090529168384996e-05,-0.00047808344546839527,-344.7365682682589,268.5132254664863
4.19999999999999,-9.291089328275633e-05,-0.00048235069738026886,-338.0237376315972,268.5132254664863
4.22499999999999,-0.00010502212729967305,-0.00048653403890918474,-331.31090699493507,268.5132254664863
4.24999999999999,-0.00011723689597502491,-0.0004906334700551427,-324.59807635827246,268.5132254664863
4.27499999999999,-0.00012955310154923985,-0.0004946489908181418,-317.8852457216103,268.5132254664863
4.29999999999999,-0.0001419686462627418,-0.000498580601198183,-311.17241508494817,268.5132254664863
4.32499999999999,-0.00015448143235595783,-0.0005024283011952656,-304.459584448286,268.5132254664863
4.34999999999999,-0.00016708936206931294,-0.0005061920908093899,-297.7467538116234,268.5132254664863
4.37499999999999,-0.00017979033764323497,-0.0005098719700405562,-291.0339231749613,268.5132254664863
4.40000000000000,-0.00019258226131815045,-0.0005134679388887648,-284.3210925382991,268.5132254664863
4.42500000000000,-0.00020546303533448308,-0.0005169799973540139,-277.608261901637,268.5132254664863
4.45000000000000,-0.0002184305619326594,-0.0005204081454363056,-270.89543126497483,268.5132254664863
4.47500000000000,-0.00023148274335310767,-0.000523752383135639,-264.1826006283127,268.5132254664863
4.50000000000000,-0.0002446174818362505,-0.0005270127104520137,-257.4697699916501,268.5132254664863
4.52500000000000,-0.0002578326796225162,-0.0005301891273854302,-250.75693935498748,268.5132254664863
4.55000000000000,-0.000271126238952331,-0.0005332816339358891,-244.0441087183258,268.5132254664863
4.57500000000000,-0.00028449606206612066,-0.0005362902301033878,-237.33127808166319,268.5132254664863
4.60000000000000,-0.00029794005120431055,-0.0005392149158879292,-230.61844744500104,268.5132254664863
4.62500000000000,-0.00031145610860732636,-0.0005420556912895124,-223.9056168083389,268.5132254664863
4.65000000000000,-0.0003250421365155957,-0.0005448125563081378,-217.19278617167674,268.5132254664863
4.67500000000000,-0.0003386960371695429,-0.0005474855109438047,-210.4799555350146,268.5132254664863
4.70000000000000,-0.0003524157128095937,-0.0005500745551965129,-203.767124898352,268.5132254664863
4.72500000000000,-0.0003661990656761776,-0.0005525796890662633,-197.05429426168985,268.5132254664863
4.75000000000000,-0.00038004399800971615,-0.0005550009125530561,-190.34146362502725,268.5132254664863
4.77500000000000,-0.0003939484120506389,-0.0005573382256568895,-183.62863298836555,268.5132254664863
4.80000000000000,-0.00040791021003937114,-0.0005595916283777651,-176.9158023517034,268.5132254664863
4.82500000000000,-0.0004219272942163352,-0.0005617611207156823,-170.2029717150408,268.5132254664863
4.85000000000000,-0.00043599756682196245,-0.000563846702670642,-163.49014107837866,268.5132254664863
4.87500000000000,-0.0004501189300966774,-0.000565848374242642,-156.77731044171605,268.5132254664863
4.90000000000000,-0.00046428928628090447,-0.000567766135431684,-150.06447980505436,268.5132254664863
4.92500000000000,-0.0004785065376150706,-0.0005695999862377682,-143.3516491683922,268.5132254664863
4.95000000000000,-0.0004927685863396021,-0.0005713499266608939,-136.6388185317296,268.5132254664863
4.97500000000000,-0.0005070733346949248,-0.0005730159567010618,-129.925987895067,268.5132254664863
5.00000000000000,-0.0005214186849214647,-0.0005745980763582708,-123.21315725840486,268.5132254664863
5.02500000000000,-0.0005358025392596475,-0.0005760962856325219,-116.50032662174272,268.5132254664863
5.05000000000000,-0.0005502227999499005,-0.0005775105845238142,-109.78749598508102,268.5132254664863
5.07500000000000,-0.000564677369232647,-0.000578840973032149,-103.07466534841797,268.5132254664863
5.10000000000000,-0.0005791641493483159,-0.0005800874511575249,-96.36183471175627,268.5132254664863
5.12500000000001,-0.0005936810425373326,-0.0005812500188999425,-89.64900407509367,268.5132254664863
5.15000000000001,-0.0006082259510401234,-0.0005823286762594027,-82.93617343843152,268.5132254664863
5.17500000000001,-0.0006227967770971125,-0.0005833234232359031,-76.22334280176938,268.5132254664863
5.20000000000001,-0.000637391422948727,-0.0005842342598294469,-69.51051216510677,268.5132254664863
5.22500000000001,-0.0006520077908353929,-0.0005850611860400315,-62.79768152844508,268.5132254664863
5.25000000000001,-0.0006666437829975372,-0.0005858042018676577,-56.08485089178248,268.5132254664863
5.27500000000001,-0.0006812973016755847,-0.0005864633073123264,-49.37202025512079,268.5132254664863
5.30000000000001,-0.0006959662491099632,-0.0005870385023740354,-42.659189618458186,268.5132254664863
5.32500000000001,-0.0007106485275410954,-0.0005875297870527874,-35.94635898179513,268.5132254664863
5.35000000000001,-0.0007253420392094112,-0.0005879371613485809,-29.233528345133436,268.5132254664863
5.37500000000001,-0.0007400446863553328,-0.0005882606252614153,-22.52069770847129,268.5132254664863
5.40000000000001,-0.0007547543712192887,-0.0005885001787912921,-15.807867071809142,268.5132254664863
5.42500000000001,-0.000769468996041708,-0.0005886558219382115,-9.09503643514654,268.5132254664863
5.45000000000001,-0.0007841864630630103,-0.0005887275547021703,-2.382205798484847,268.5132254664863
5.47500000000001,-0.0007989046745236236,-0.0005887153770831734,4.330624838177755,268.5132254664863
5.50000000000001,-0.0008136215326639785,-0.0005886192890812163,11.043455474840357,268.5132254664863
5.52500000000001,-0.000828334939724494,-0.0005884392906963017,17.75628611150205,268.5132254664863
5.55000000000001,-0.0008430427979456046,-0.0005881753819284292,24.46911674816465,268.5132254664863
5.57500000000001,-0.0008577430095677249,-0.0005878275627775975,31.1819473848268,268.5132254664863
5.60000000000001,-0.0008724334768312912,-0.0005873958332438083,37.894778021488946,268.5132254664863
5.62500000000001,-0.0008871121019767263,-0.0005868801933270607,44.60760865815064,268.5132254664863
5.65000000000001,-0.0009017767872444528,-0.0005862806430273534,51.32043929481324,268.5132254664863
5.67500000000001,-0.0009164254348749019,-0.0005855971823446895,58.0332699314763,268.5132254664863
5.70000000000001,-0.0009310559471084985,-0.0005848298112790659,64.74610056813799,268.5132254664863
5.72500000000001,-0.0009456662261856643,-0.0005839785298304874,71.45893120480014,268.5132254664863
5.75000000000001,-0.000960254174346831,-0.0005830433379989475,78.17176184146228,268.5132254664863
5.77500000000001,-0.0009748176938324197,-0.0005820242357844506,84.88459247812489,268.5132254664863
5.80000000000001,-0.0009893546868828627,-0.0005809212231869935,91.59742311478658,268.5132254664863
5.82500000000002,-0.001003863055738581,-0.0005797343002065798,98.31025375144964,268.5132254664863
5.85000000000002,-0.0010183407026400013,-0.0005784634668432077,105.02308438811178,268.5132254664863
5.87500000000002,-0.0010327855298275495,-0.0005771087230968769,111.73591502477348,268.5132254664863
5.90000000000002,-0.001047195439541653,-0.0005756700689675894,118.44874566143653,268.5132254664863
5.92500000000002,-0.0010615683340227389,-0.0005741475044553409,125.16157629809823,268.5132254664863
5.95000000000002,-0.0010759021155112292,-0.0005725410295601358,131.87440693476037,268.5132254664863
5.97500000000002,-0.0010901946862475536,-0.0005708506442819736,138.58723757142207,268.5132254664863
6.00000000000002,-0.0011044439484721395,-0.0005690763486208509,145.30006820808512,268.5132254664863
6.02500000000002,-0.0011186478044254052,-0.0005672181425767711,152.01289884474772,268.5132254664863
6.05000000000002,-0.0011328041563477848,-0.0005652760261497334,158.72572948140987,268.5132254664863
6.07500000000002,-0.001146910906479703,-0.000563249999339736,165.43856011807247,268.5132254664863
6.10000000000002,-0.001160965957061581,-0.0005611400621467798,172.15139075473462,268.5132254664863
6.12500000000002,-0.0011749672103338483,-0.0005589462145708674,178.86422139139677,268.5132254664863
6.15000000000002,-0.0011889125685369331,-0.0005566684566119954,185.57705202805846,268.5132254664863
6.17500000000002,-0.00120279993391126,-0.0005543067882701645,192.28988266472152,268.5132254664863
6.20000000000002,-0.001216627208697251,-0.0005518612095453774,199.00271330138366,268.5132254664863
6.22500000000002,-0.0012303922951353357,-0.0005493317204376316,205.7155439380458,268.5132254664863
6.25000000000002,-0.0012440930954659424,-0.0005467183209469269,212.4283745747084,268.5132254664863
6.27500000000002,-0.001257727511929492,-0.0005440210110732608,219.14120521136965,268.5132254664863
6.30000000000002,-0.0012712934467664127,-0.0005412397908166411,225.8540358480327,268.5132254664863
6.32500000000002,-0.0012847888022171315,-0.0005383746601770618,232.5668664846944,268.5132254664863
6.35000000000002,-0.0012982114805220784,-0.0005354256191545228,239.27969712135746,268.5132254664863
6.37500000000002,-0.0013115593839216708,-0.0005323926677490275,245.9925277580196,268.5132254664863
6.40000000000002,-0.0013248304146563387,-0.0005292758059605735,252.70535839468084,268.5132254664863
6.42500000000002,-0.0013380224749665066,-0.0005260750337891607,259.4181890313439,268.5132254664863
6.45000000000002,-0.0013511334670926025,-0.0005227903512347899,266.13101966800605,268.5132254664863
6.47500000000002,-0.0013641612932750518,-0.0005194217582974604,272.8438503046691,268.5132254664863
6.50000000000002,-0.0013771038557542836,-0.0005159692549771737,279.55668094133034,268.5132254664863
6.52500000000003,-0.0013899590567707206,-0.0005124328412739274,286.2695115779925,268.5132254664863
6.55000000000003,-0.00140272479856479,-0.000508812517187724,292.98234221465555,268.5132254664863
6.57500000000003,-0.001415398983376918,-0.000505108282718561,299.6951728513168,268.5132254664863
6.60000000000003,-0.0014279795134475304,-0.0005013201378664409,306.40800348797984,268.5132254664863
6.62500000000003,-0.001440464291017048,-0.000497448082631362,313.120834124642,268.5132254664863
6.65000000000003,-0.0014528512183259058,-0.0004934921170133243,319.83366476130414,268.5132254664863
6.67500000000003,-0.0014651381976145215,-0.0004894522410123286,326.5464953979663,268.5132254664863
6.70000000000003,-0.0014773231311233318,-0.000485328454628375,333.25932603462843,268.5132254664863
6.72500000000003,-0.0014894039210927527,-0.0004811207578614635,339.9721566712906,268.5132254664863
6.75000000000003,-0.001501378469763212,-0.0004768291507115923,346.6849873079527,268.5132254664863
6.77500000000003,-0.0015132446793751399,-0.0004724536331787632,353.39781794461487,268.5132254664863
6.80000000000003,-0.0015250004521689606,-0.000467994205262977,360.1106485812779,268.5132254664863
6.82500000000003,-0.0015366436903850988,-0.000463450866964232,366.8234792179401,268.5132254664863
6.85000000000003,-0.0015481722962639825,-0.0004588236182825299,373.5363098546013,268.5132254664863
6.87500000000003,-0.0015595841720460347,-0.00045411245921786556,380.24914049126437,268.5132254664863
6.90000000000003,-0.0015708772199716867,-0.000449317389770245,386.9619711279265,268.5132254664863
6.92500000000003,-0.0015820493422813529,-0.00044443840993967,393.67480176458866,268.5132254664863
6.95000000000003,-0.0015930984412154733,-0.00043947551972613186,400.3876324012517,268.5132254664863
6.97500000000003,-0.001604022419014469,-0.00043442871912963664,407.10046303791296,268.5132254664863
7.00000000000003,-0.0016148191779187665,-0.0004292980081501835,413.813293674576,268.5132254664863
7.02500000000003,-0.0016254866201687902,-0.0004240833867877724,420.52612431123725,268.5132254664863
7.05000000000003,-0.0016360226480049665,-0.00041878485504240164,427.2389549479003,268.5132254664863
7.07500000000003,-0.00164642516366772,-0.00041340241291407554,433.95178558456246,268.5132254664863
7.10000000000003,-0.0016566920693974786,-0.00040793606040278804,440.6646162212246,268.5132254664863
7.12500000000003,-0.0016668212674346653,-0.0004023857975085461,447.37744685788766,268.5132254664863
7.15000000000003,-0.0016768106600197133,-0.00039675162423134097,454.0902774945489,268.5132254664863
7.17500000000003,-0.0016866581493930454,-0.00039103354057118053,460.80310813121196,268.5132254664863
7.20000000000003,-0.001696361637795081,-0.0003852315465280604,467.5159387678732,268.5132254664863
7.22500000000004,-0.0017059190274662552,-0.00037934564210198325,474.22876940453534,268.5132254664863
7.25000000000004,-0.0017153282206469923,-0.0003733758272929464,480.9416000411984,268.5132254664863
7.27500000000004,-0.001724587119577712,-0.00036732210210095335,487.65443067786055,268.5132254664863
7.30000000000004,-0.0017336936264988455,-0.0003611844665260015,494.3672613145236,268.5132254664863
7.32500000000004,-0.0017426456436508211,-0.00035496292056808997,501.08009195118484,268.5132254664863
7.35000000000004,-0.0017514410732740616,-0.0003486574642272188,507.792922587847,268.5132254664863
7.37500000000004,-0.0017600778176089897,-0.0003422680975033931,514.5057532245091,268.5132254664863
7.40000000000004,-0.0017685537788960388,-0.0003357948203966078,521.2185838611713,268.5132254664863
7.42500000000004,-0.0017768668593756316,-0.0003292376329068645,527.9314144978325,268.5132254664863
7.45000000000004,-0.001785014961288191,-0.0003225965350341616,534.6442451344965,268.5132254664863
7.47500000000004,-0.001792995986874147,-0.0003158715267785016,541.3570757711586,268.5132254664863
7.50000000000004,-0.0018008078383739221,-0.0003090626081398845,548.0699064078208,268.5132254664863
7.52500000000004,-0.0018084484180279446,-0.00030216977911830863,554.7827370444829,268.5132254664863
7.55000000000004,-0.0018159156280766493,-0.00029519303971376875,561.4955676811442,268.5132254664863
7.57500000000004,-0.0018232073707604452,-0.00028813238992627613,568.2083983178072,268.5132254664863
7.60000000000004,-0.0018303215483197657,-0.0002809878297558247,574.9212289544694,268.5132254664863
7.62500000000004,-0.0018372560629950508,-0.00027375935920241797,581.6340595911324,268.5132254664863
7.65000000000004,-0.001844008817026701,-0.0002664469782660481,588.3468902277946,268.5132254664863
7.67500000000004,-0.0018505777126551562,-0.00025905068694672025,595.0597208644558,268.5132254664863
7.70000000000004,-0.0018569606521208482,-0.0002515704852444345,601.7725515011189,268.5132254664863
7.72500000000004,-0.0018631555376641927,-0.00024400637315919252,608.4853821377801,268.5132254664863
7.75000000000004,-0.0018691602715256127,-0.00023635835069098915,615.1982127744432,268.5132254664863
7.77500000000004,-0.0018749727559455448,-0.00022862641783982958,621.9110434111053,268.5132254664863
7.80000000000004,-0.0018805908931644189,-0.0002208105746057138,628.6238740477675,268.5132254664863
7.82500000000004,-0.0018860125854226473,-0.00021291082098863663,635.3367046844305,268.5132254664863
7.85000000000004,-0.001891235734960653,-0.00020492715698859978,642.0495353210918,268.5132254664863
7.87500000000004,-0.0018962582440188863,-0.00019685958260560847,648.7623659577548,268.5132254664863
7.90000000000004,-0.001901078014837746,-0.0001887080978396575,655.475196594416,268.5132254664863
7.92500000000005,-0.001905692949657676,-0.00018047270269074857,662.1880272310782,268.5132254664863
7.95000000000005,-0.0019101009507190882,-0.00017215339715887998,668.9008578677413,268.5132254664863
7.97500000000005,-0.0019142999202624265,-0.0001637501812440552,675.6136885044034,268.5132254664863
8.00000000000005,-0.0019182877605281035,-0.00015526305494627073,682.3265191410665,268.5132254664909
8.02500000000005,-0.0019220623729396982,-0.00014669188744684342,689.0707950902278,271.03666296649106
8.05000000000005,-0.0019256216490696955,-0.0001380360197695346,695.87874291439,273.6069754664912
8.07500000000005,-0.0019289634614039,-0.0001292946486916914,702.7515344885524,276.2241629664913
8.10000000000005,-0.0019320856621644206,-0.00012046695634221497,709.6903416877146,278.8882254664914
8.12500000000005,-0.0019349860829434905,-0.00011155211020157919,716.6963363868778,281.5991629664915
8.15000000000005,-0.001937662534337245,-0.00010254926310181187,723.7706904610401,284.3569754664917
8.17500000000005,-0.0019401128055795156,-9.345755322651196e-05,730.9145757852024,287.1616629664918
8.20000000000005,-0.0019423346641756416,-8.427610411083049e-05,738.1291642343647,290.0132254664919
8.22500000000005,-0.0019443258555361842,-7.500402464148449e-05,745.415627683527,292.9116629664921
8.25000000000005,-0.0019460841026108192,-6.564040905676215e-05,752.7751380076884,295.85697546649214
8.27500000000005,-0.001947607105522046,-5.618433694650201e-05,760.2088670818525,298.8491629664923
8.30000000000005,-0.0019488925411990084,-4.6634873252110327e-05,767.7179867810139,301.8882254664925
8.32500000000005,-0.0019499380630112896,-3.699106826655931e-05,775.3036689801772,304.9741629664926
8.35000000000005,-0.001950741300402685,-2.725195763437848e-05,782.9670855543395,308.10697546649277
8.37500000000005,-0.0019512998585249912,-1.7416562351663327e-05,790.7094083785008,311.2866629664929
8.40000000000005,-0.0019516113178718187,-7.483888766061421e-06,798.5318093276641,314.513225466493
8.42500000000005,-0.0019516732339123295,2.5470714231963472e-06,806.4354602768265,317.78666296649317
8.45000000000005,-0.0019514831367251153,1.267734116533913e-05,814.4215331009897,321.10697546649334
8.47500000000005,-0.0019510385306318813,2.290795805801451e-05,822.4911996751512,324.47416296649345
8.50000000000005,-0.0019503368938313084,3.323997434732144e-05,830.6456318743134,327.8882254664936
8.52500000000005,-0.0019493756780328245,4.3674456927789424e-05,838.8860015734767,331.34916296649374
8.55000000000005,-0.001948152308090367,5.4212487342387225e-05,847.2134806476382,334.8569754664939
8.57500000000005,-0.0019466641816362328,6.485516178251936e-05,855.6292409718014,338.4116629664941
8.60000000000005,-0.0019449086687147715,7.560359108803651e-05,864.1344544209638,342.0132254664942
8.62500000000006,-0.001942883111416284,8.645890074721472e-05,872.7302928701262,345.66166296649436
8.65000000000006,-0.0019405848235107307,9.742223089676929e-05,881.4179281942886,349.35697546649453
8.67500000000006,-0.001938011090081552,0.00010849473632186338,890.198532268451,353.0991629664947
8.70000000000006,-0.0019351591671594609,0.00011967758645608728,899.0732769676143,356.8882254664949
8.72500000000006,-0.0019320262813562214,0.00013097196538147226,908.0433341667757,360.724162966495
8.75000000000006,-0.0019286096294984416,0.0001423790718284853,917.1098757409382,364.60697546649516
8.77500000000006,-0.001924906378261359,0.0001539001191760344,926.2740735651015,368.5366629664953
8.80000000000006,-0.0019209136638026428,0.00016553633545146682,935.5370995142639,372.5132254664955
8.82500000000006,-0.00191662859139616,0.00017728896333056202,944.9001254634263,376.53666296649567
8.85000000000006,-0.0019120482350657806,0.00018915926013753182,954.3643232875887,380.60697546649584
8.87500000000006,-0.0019071696372191843,0.00020114849784504116,963.9308648617512,384.724162966496
8.90000000000006,-0.0019019898082815914,0.00021325796307418034,973.6009220609136,388.8882254664962
8.92500000000006,-0.0018965057263296131,0.00022548895709448053,983.375666760076,393.09916296649635
8.95000000000006,-0.0018907143367250172,0.00023784279582391059,993.2562708342385,397.3569754664965
8.97500000000006,-0.0018846125517485305,0.0002503208098288767,1003.2439061584018,401.66166296649664
9.00000000000006,-0.0018781972502335555,0.0002629243443242261,1013.3397446075634,406.01322546649686
9.02500000000006,-0.0018714652772001009,0.0002756547591732348,1023.5449580567267,410.41166296649703
9.05000000000006,-0.0018644134434884253,0.0002885134288876216,1033.8607183808892,414.8569754664972
9.07500000000006,-0.0018570385253929077,0.00030150174262755144,1044.2881974550507,419.3491629664974
9.10000000000006,-0.00184933726429584,0.0003146211042016041,1054.828567154215,423.8882254664976
9.12500000000006,-0.0018413063663011426,0.000327872932066823,1065.4829993533767,428.4741629664977
9.15000000000006,-0.0018329425018682613,0.0003412586593286666,1076.2526659275402,433.10697546649794
9.17500000000006,-0.0018242423054458526,0.0003547797337410497,1087.1387387517016,437.78666296649817
9.20000000000006,-0.0018152023751056591,0.00036843761770631605,1098.142389700864,442.5132254664983
9.22500000000006,-0.0018058192721762457,0.00038223378827524174,1109.2647906500276,447.2866629664985
9.25000000000006,-0.001796089520876788,0.000396169737147049,1120.50711347419,452.10697546649874
9.27500000000006,-0.0017860096079508753,0.00041024697066938543,1131.8705300483534,456.97416296649885
9.30000000000006,-0.0017755759823003218,0.00042446700983836205,1143.3562122475153,461.8882254664991
9.32500000000007,-0.0017647850546189262,0.0004388313902984962,1154.9653319466777,466.8491629664993
9.35000000000007,-0.0017536331970262754,0.00045334166234275335,1166.6990610208402,471.8569754664994
9.37500000000007,-0.0017421167427014714,0.00046799939091255344,1178.5585713450027,476.9116629664996
9.40000000000007,-0.00173023198551708,0.00048280615559773854,1190.5450347941664,482.0132254664998
9.42500000000007,-0.0017179751796727245,0.0004977635506365795,1202.659623243328,487.16166296650005
9.45000000000007,-0.0017053425393289798,0.0005128731849157986,1214.9035085674916,492.3569754665002
9.47500000000007,-0.001692330238241196,0.0005281366819705555,1227.277862641654,497.59916296650044
9.50000000000007,-0.0016789344093932044,0.0005435556799844439,1239.7838573408167,502.88822546650067
9.52500000000007,-0.0016651511446311197,0.0005591318317894968,1252.422664539979,508.2241629665008
9.55000000000007,-0.0016509764942971993,0.0005748668048661727,1265.1954561141417,513.606975466501
9.57500000000007,-0.0016364064668635482,0.000590762281343388,1278.1034039383044,519.0366629665012
9.60000000000007,-0.001621437028565944,0.0006068199579984884,1291.1476798874678,524.5132254665015
9.62500000000007,-0.0016060641030376526,0.0006230415462572428,1304.3294558366306,530.0366629665017
9.65000000000007,-0.0015902835709431687,0.0006394287721938824,1317.649903660793,535.6069754665019
9.67500000000007,-0.0015740912696120132,0.0006559833765310528,1331.1101952349559,541.224162966502
9.70000000000007,-0.0015574829926725898,0.0006727071146398599,1344.7115024341176,546.8882254665023
9.72500000000007,-0.0015404544896858428,0.0006896017565398231,1358.4549971332813,552.5991629665025
9.75000000000007,-0.0015230014657791656,0.000706669086898921,1372.3418512074438,558.3569754665027
9.77500000000007,-0.0015051195812801597,0.0007239109050335552,1386.3732365316064,564.161662966503
9.80000000000007,-0.0014868044513503837,0.000741329024908564,1400.55032498077,570.0132254665032
9.82500000000007,-0.001468051645619197,0.0007589252751372371,1414.8742884299318,575.9116629665034
9.85000000000007,-0.0014488566878174737,0.0007767014989812955,1429.3462987540945,581.8569754665036
9.87500000000007,-0.0014292150554114872,0.0007946595543508847,1443.967527828258,587.8491629665039
9.90000000000007,-0.0014091221792366239,0.0008128013138046019,1458.7391475274198,593.8882254665041
9.92500000000007,-0.001388573443131221,0.0008311286645494872,1473.6623297265826,599.9741629665043
9.95000000000007,-0.001367564183570342,0.0008496435084409987,1488.738246300747,606.1069754665045
9.97500000000007,-0.0013460896892995013,0.0008683477619830499,1503.96806912491,612.2866629665048
10.0000000000001,-0.0013241452009685596,0.0008872433563279756,1519.3529700740717,618.513225466505
10.0250000000001,-0.001301725910765477,0.0009063322372765642,1534.8941210232335,624.7866629665052
10.0500000000001,-0.00127882696205002,0.0009256163652780377,1550.592693847398,631.1069754665054
10.0750000000001,-0.0012554434489877087,0.0009450977154300405,1566.4498604215598,637.4741629665057
10.1000000000001,-0.0012315704161834607,0.00096477827747868,1582.4667926207235,643.8882254665059
10.1250000000001,-0.0012072028583154223,0.0009846600558184788,1598.6446623198872,650.3491629665061
10.1500000000001,-0.0011823357197688197,0.0010047450694924075,1614.9846413940493,656.8569754665064
10.1750000000001,-0.001156963894269671,0.001025035352191879,1631.487901718212,663.4116629665066
10.2000000000001,-0.0011310822245185837,0.0010455329522567165,1648.1556151673738,670.0132254665068
10.2250000000001,-0.0011046855018246188,0.0010662399326752258,1664.9889536165374,676.661662966507
10.2500000000001,-0.0010777684657389689,0.001087158371084111,1681.9890889406993,683.3569754665073
10.2750000000001,-0.0010503258036888318,0.0011082903597685325,1699.1571930148639,690.0991629665075
10.3000000000001,-0.0010223521506111982,0.0011296380056620874,1716.4944377140278,696.8882254665077
10.3250000000001,-0.0009938420885865441,0.0011512034303467996,1734.0019949131897,703.724162966508
10.3500000000001,-0.0009647901464727379,0.0011729887700531489,1751.6810364873515,710.6069754665083
10.3750000000001,-0.0009351907995387947,0.0011949961756600237,1769.5327343115137,717.5366629665086
10.4000000000001,-0.0009050384690985748,0.0012172278126947886,1787.5582602606794,724.5132254665087
10.4250000000001,-0.0008743275221447609,0.0012396858613332113,1805.7587862098421,731.5366629665091
10.4500000000001,-0.0008430522709824247,0.0012623725163995172,1824.135484034004,738.6069754665093
10.4750000000001,-0.000811206972863003,0.0012852899873663558,1842.689525608168,745.7241629665095
10.5000000000001,-0.000778785829617997,0.0013084404983548241,1861.4220828073298,752.8882254665099
10.5250000000001,-0.0007457829872927334,0.0013318262881344568,1880.3343275064938,760.0991629665101
10.5500000000001,-0.0007121925357802506,0.0013554496101232196,1899.4274315806556,767.3569754665103
10.5750000000001,-0.0006780085084550118,0.001379312732387515,1918.7025669048196,774.6616629665106
10.6000000000001,-0.0006432248818067003,0.0014034179376421901,1938.1609053539823,782.0132254665107
10.6250000000001,-0.0006078355750740232,0.0014277675232505262,1957.8036188031447,789.4116629665111
10.6500000000001,-0.0005718344498785412,0.0014523638012242494,1977.6318791273102,796.8569754665114
10.6750000000001,-0.0005352153098583272,0.0014772090982235048,1997.6468582014722,804.3491629665116
10.7000000000001,-0.0004979719003019618,0.0015023057555568903,2017.8497279006342,811.8882254665118
10.7250000000001,-0.0004600979077821296,0.0015276561291814367,2038.2416600997965,819.474162966512
10.7500000000001,-0.0004215869597895043,0.0015532625897026163,2058.823826673961,827.1069754665123
10.7750000000001,-0.0003824326243664969,0.0015791275223743324,2079.597399498125,834.7866629665127
10.8000000000001,-0.00034262840974106534,0.0016052533270989246,2100.563550447287,842.513225466513
10.8250000000001,-0.00030216776396057947,0.0016316424184271811,2121.7234513964513,850.2866629665133
10.8500000000001,-0.0002610440745254304,0.0016582972255583179,2143.0782742206134,858.1069754665135
10.8750000000001,-0.0002192506680229717,0.0016852201923399904,2164.6291907947757,865.9741629665137
10.9000000000001,-0.0001767808097612671,0.0017124137772682893,2186.3773729939394,873.888225466514
10.9250000000001,-0.00013362770340286537,0.0017398804534877494,2208.3239926931033,881.8491629665142
10.9500000000001,-8.97844905985829e-05,0.0017676227087913463,2230.4702217672666,889.8569754665145
10.9750000000001,-4.524425062132716e-05,0.0017956430456204792,2252.8172320914287,897.911662966515
11.0000000000001,1.6984027031985427e-16,0.0018239439810649883,2275.366195540327,-2085.251819777329
11.0250000000001,4.5951412971099206e-05,0.0018520606616998368,2223.3366578583928,-2077.103382277328
11.0500000000001,9.259762396786903e-05,0.0018795282487484282,2171.511417051459,-2068.908069777328
11.0750000000001,0.00013992243763320475,0.0019063493032459224,2119.8916449945254,-2060.665882277328
11.1000000000001,0.00018790972281886484,0.0019325264008758921,2068.4785135625916,-2052.3768197773275
11.1250000000001,0.00023654341295178909,0.001958062131970393,2017.2731946306571,-2044.040882277327
11.1500000000001,0.0002858075064003722,0.00198295910150989,1966.2768600737231,-2035.658069777327
11.1750000000001,0.0003356860668405011,0.0020072199291232833,1915.490681766791,-2027.2283822773265
11.2000000000001,0.0003861632236220574,0.0020308472490879158,1864.915831584855,-2018.7518197773263
11.2250000000001,0.0004372231721348231,0.002053843710329576,1814.5534814029206,-2010.228382277326
11.2500000000001,0.0004888501741748855,0.002076211976422469,1764.4048030959868,-2001.6580697773259
11.2750000000001,0.0005410285583108346,0.002097954725589268,1714.4709685390544,-1993.0408822773256
11.3000000000001,0.0005937427202498212,0.0021190746507010493,1664.7531496071206,-1984.3768197773247
11.3250000000001,0.0006469771232040316,0.0021395744592773622,1615.2525181751867,-1975.6658822773247
11.3500000000001,0.0007007162982565656,0.0021594568734861607,1565.9702461182544,-1966.9080697773243
11.3750000000001,0.0007549448447279801,0.0021787246301438585,1516.9075053113186,-1958.103382277324
11.4000000000001,0.0008096474305423059,0.0021973804807152997,1468.0654676293861,-1949.2518197773238
11.4250000000001,0.0008648087925932453,0.0022154271913137577,1419.4453049474505,-1940.3533822773236
11.4500000000001,0.0009204137371104931,0.002232867542700959,1371.0481891405184,-1931.4080697773234
11.4750000000001,0.000976447140025893,0.0022497043302870698,1322.8752920835825,-1922.415882277323
11.5000000000001,0.0010328939473395922,0.002265940364130653,1274.9277856516487,-1913.3768197773227
11.5250000000001,0.0010897391754863775,0.002281578468938777,1227.2068417197165,-1904.2908822773225
11.5500000000001,0.001146967911701804,0.0022966214840668842,1179.7136321627827,-1895.1580697773222
11.5750000000001,0.001204565314388362,0.0023110722635188838,1132.4493288558488,-1885.978382277322
11.6000000000001,0.0012625166134818157,0.00232493367594714,1085.4151036739129,-1876.7518197773215
11.6250000000001,0.0013208071108173009,0.0023382086046523994,1038.612128491981,-1867.4783822773213
11.6500000000001,0.0013794221804955783,0.002350899947583909,992.041575185047,-1858.158069777321
11.6750000000001,0.0014383472692493149,0.002363010617339321,945.7046156281149,-1848.7908822773204
11.7000000000001,0.0014975678968090433,0.0023745435411647196,899.6024216961829,-1839.3768197773202
11.7250000000001,0.0015570696562698175,0.0023855016609546417,853.7361652642472,-1829.9158822773197
11.7500000000001,0.0016168382144569665,0.0023958879332520574,808.1070182073115,-1820.4080697773195
11.7750000000001,0.0016768593122925128,0.002405705329248365,762.7161524003777,-1810.8533822773193
11.8000000000001,0.001737118765161466,0.002414956834783416,717.5647397184475,-1801.2518197773188
11.8250000000001,0.0017976024632778552,0.0024236454503454904,672.6539520365118,-1791.6033822773186
11.8500000000001,0.0018582963720510347,0.002431774191071305,627.984961229578,-1781.9080697773184
11.8750000000001,0.0019191865324519521,0.002439346086746022,583.5589391726443,-1772.165882277318
11.9000000000001,0.0019802590613791373,0.0024463641818032286,539.3770577407105,-1762.3768197773177
11.9250000000001,0.002041500152025231,0.002452831535324956,495.44048880877847,-1752.5408822773175
11.9500000000001,0.002102896074242933,0.00245875122104168,451.75040425184295,-1742.6580697773165
11.9750000000001,0.002164433174911367,0.0024641263273322963,408.30797594491105,-1732.7283822773165
12.0000000000001,0.002226097878302151,0.002468959957224155,365.11437576297544,-1722.751819777316
12.0250000000001,0.0022878766864458163,0.0024732552283930386,322.1707755810437,-1712.7283822773156
12.0500000000001,0.0023497561794977697,0.0024770152731631648,279.4783472741118,-1702.6580697773154
12.0750000000001,0.0024117230161046846,0.0024802432385071832,237.0382627171781,-1692.5408822773152
12.1000000000001,0.0024737639337706705,0.0024829422860461947,194.85169378524233,-1682.376819777315
12.1250000000001,0.0025358657492234554,0.0024851155920497304,152.91981235330877,-1672.1658822773147
12.1500000000001,0.0025980153587805968,0.002486766347435759,111.24379029637521,-1661.9080697773143
12.1750000000001,0.0026601997387157494,0.0024878977577706836,69.82479948944342,-1651.603382277314
12.2000000000001,0.002722405945624777,0.0024885130432693477,28.664011807509723,-1641.2518197773138
12.2250000000001,0.002784621116792035,0.002488615438795036,-12.237400874423997,-1630.8533822773134
12.2500000000001,0.002846832470556607,0.0024882081938594636,-52.87826668135767,-1620.408069777313
12.2750000000001,0.0029090273066784333,0.0024872945726227974,-93.25741373829294,-1609.9158822773127
12.3000000000001,0.0029711930067045783,0.002485877853893614,-133.37367017022484,-1599.376819777312
12.3250000000001,0.0030333170343354544,0.0024839613311289474,-173.2258641021583,-1588.7908822773115
12.3500000000001,0.0030953869357908796,0.0024815483124342817,-212.81282365908987,-1578.1580697773113
12.3750000000001,0.0031573903401766086,0.002478642120563518,-252.13337696602537,-1567.478382277311
12.4000000000001,0.003219314959850211,0.0024752460929189867,-291.1863521479572,-1556.7518197773106
12.4250000000001,0.003281148590787447,0.0024713635815514835,-329.9705773298906,-1545.9783822773104
12.4500000000001,0.003342879112948495,0.0024669979531602194,-368.48488063682396,-1535.15806977731
12.4750000000001,0.0034044944906440914,0.0024621525890928617,-406.7280901937577,-1524.2908822773097
12.5000000000001,0.003465982772901754,0.00245683088534549,-444.699034125691,-1513.3768197773093
12.5250000000001,0.0035273320938320517,0.0024510362525626255,-482.39654055762446,-1502.415882277309
12.5500000000001,0.0035885306729946604,0.0024447721160372675,-519.819437614558,-1491.4080697773088
12.5750000000001,0.0036495668157647825,0.0024380419157108086,-556.9665534214896,-1480.353382277308
12.6000000000001,0.0037104289136993453,0.0024308491061730895,-593.836716103423,-1469.2518197773074
12.6250000000001,0.00377110544490296,0.002423197156662391,-630.4287537853584,-1458.1033822773074
12.6500000000001,0.003831584974394357,0.0024150895510654255,-666.7414945922917,-1446.908069777307
12.6750000000001,0.0038918561544725398,0.002406529787917376,-702.7737666492217,-1435.6658822773065
12.7000000000001,0.003951907725083063,0.002397521380401802,-738.5243980811565,-1424.3768197773063
12.7250000000001,0.004011728514184155,0.0023880678563507596,-773.9922170130899,-1413.040882277306
12.7500000000001,0.004071307438112764,0.002378172758244707,-809.1760515700232,-1401.6580697773056
12.7750000000001,0.00413063350195122,0.0023678396432125566,-844.0747298769566,-1390.2283822773052
12.8000000000001,0.004189695799893088,0.0023570720830316354,-878.6870800588881,-1378.751819777305
12.8250000000001,0.004248483515609398,0.002345873664127749,-913.0119302408211,-1367.2283822773045
12.8500000000001,0.004306985922614987,0.0023342479875750983,-947.0481085477545,-1355.6580697773043
12.8750000000001,0.004365192384634712,0.002322198669096337,-980.7944431046881,-1344.0408822773038
12.9000000000001,0.004423092355969483,0.0023097293390625852,-1014.249762036623,-1332.3768197773036
12.9250000000001,0.004480675381862616,0.0022968436424933413,-1047.4128934685527,-1320.6658822773031
12.9500000000001,0.0045379310988661655,0.0022835452390565967,-1080.2826655254883,-1308.9080697773024
12.9750000000001,0.004594849235206788,0.002269837803068748,-1112.8579063324228,-1297.103382277302
13.0000000000001,0.004651419611152291,0.002255725023494642,-1145.137444014354,-1285.2518197773015
13.0250000000001,0.004707632139377681,0.0022412106039475604,-1177.1201066962858,-1273.3533822773013
13.0500000000001,0.004763476825331379,0.002226298262689215,-1208.8047225032187,-1261.408069777301
13.0750000000001,0.0048189437676013904,0.0022109917326297622,-1240.1901195601522,-1249.4158822773006
13.1000000000001,0.004874023158281727,0.002195294761327812,-1271.2751259920856,-1237.3768197773002
13.1250000000001,0.004928705283338425,0.0021792111109903726,-1302.0585699240182,-1225.2908822773
13.1500000000001,0.004982980522975719,0.0021627445584729435,-1332.5392794809513,-1213.1580697772995
13.1750000000001,0.005036839352002392,0.0021458988952793995,-1362.7160827878863,-1200.9783822772993
13.2000000000001,0.0050902723401979166,0.0021286779275621025,-1392.5878079698152,-1188.7518197772984
13.2250000000001,0.005143270152678733,0.002111085476121819,-1422.1532831517522,-1176.478382277298
13.2500000000001,0.005195823550264339,0.002093125376407775,-1451.4113364586858,-1164.1580697772977
13.2750000000001,0.005247923389843596,0.0020748014785176476,-1480.3607960156148,-1151.7908822772972
13.3000000000001,0.00529956062474091,0.002056117647197496,-1509.0004899475462,-1139.3768197772968
13.3250000000001,0.00535072630508238,0.0020370777618418648,-1537.329246379483,-1126.9158822772965
13.3500000000001,0.005401411578162276,0.0020176857164937376,-1565.3458934364141,-1114.4080697772963
13.3750000000001,0.005451607688808858,0.0019979454198445056,-1593.049259243347,-1101.8533822772959
13.4000000000001,0.005501305979750776,0.001977860795234006,-1620.4381719252801,-1089.2518197772954
13.4250000000001,0.005550497891983362,0.001957435780650542,-1647.5114596072149,-1076.603382277295
13.4500000000001,0.005599174965134792,0.0019366743287308097,-1674.2679504141443,-1063.9080697772947
13.4750000000001,0.005647328837832122,0.0019155804067599804,-1700.7064724710788,-1051.1658822772943
13.5000000000001,0.005694951248067718,0.0018941579966716337,-1726.82585390301,-1038.3768197772938
13.5250000000001,0.005742034033565498,0.0018724110950478145,-1752.6249228349413,-1025.5408822772936
13.5500000000001,0.0057885691321468685,0.0018503437131189783,-1778.102507391876,-1012.6580697772931
13.5750000000001,0.005834548582097148,0.0018279598767640584,-1803.257435698805,-999.7283822772929
13.6000000000001,0.005879964522531846,0.001805263626510371,-1828.0885358807432,-986.7518197772918
13.6250000000001,0.005924809193762615,0.0017822590175337048,-1852.5946360626708,-973.7283822772915
13.6500000000001,0.0059690749376636425,0.0017589501196582846,-1876.7745643696094,-960.6580697772913
13.6750000000001,0.006012754198037879,0.0017353410173567604,-1900.6271489265398,-947.5408822772906
13.7000000000001,0.006055839520983169,0.0017114358097502257,-1924.1512178584728,-934.3768197772904
13.7250000000001,0.006098323555258548,0.0016872386106082044,-1947.345599290404,-921.1658822772899
13.7500000000001,0.006140199052650196,0.001662753548348687,-1970.2091213473389,-907.9080697772895
13.7750000000001,0.00618145886833813,0.0016379847660380653,-1992.7406121542729,-894.6033822772893
13.8000000000001,0.006222095961261937,0.0016129364213911764,-2014.9388998362037,-881.2518197772888
13.8250000000001,0.0062621033944872066,0.0015876126867713216,-2036.8028125181365,-867.8533822772883
13.8500000000001,0.006301474335571745,0.0015620177491902133,-2058.3311783250642,-854.4080697772877
13.8750000000001,0.006340202056931787,0.0015361558103079874,-2079.5228253820023,-840.9158822772872
13.9000000000001,0.006378279936208144,0.0015100310864332714,-2100.376581813929,-827.3768197772865
13.9250000000001,0.006415701456632423,0.0014836478085230556,-2120.8912757458675,-813.7908822772863
13.9500000000001,0.00645246020739329,0.0014570102221828501,-2141.0657353027964,-800.1580697772861
13.9750000000001,0.006488549884002681,0.001430122587666533,-2160.898788609731,-786.4783822772856
14.0000000000001,0.006523964288661956,0.0014029891798764493,-2180.3892637916615,-772.7518197772852
14.0250000000001,0.006558697330628084,0.0013756142883634066,-2199.5359889735964,-758.9783822772847
14.0500000000001,0.006592743026579993,0.0013480022173265969,-2218.3377922805303,-745.1580697772843
14.0750000000001,0.006626095500984726,0.0013201572856136826,-2236.793501837459,-731.2908822772838
14.1000000000001,0.006658748986463452,0.001292083826720758,-2254.9019457693903,-717.3768197772836
14.1250000000001,0.006690697824158046,0.0012637861887923611,-2272.6619522013243,-703.4158822772829
14.1500000000001,0.0067219364640969635,0.0012352687346214605,-2290.072349258255,-689.4080697772824
14.1750000000001,0.0067524594655617234,0.0012065358416494558,-2307.131965065186,-675.3533822772822
14.2000000000001,0.006782261497452797,0.001177591901966177,-2323.839627747122,-661.2518197772818
14.2250000000001,0.00681133733865617,0.0011484413223099392,-2340.194165429053,-647.1033822772815
14.2500000000001,0.006839681878409307,0.0011190885240674278,-2356.194406235986,-632.9080697772804
14.2750000000001,0.006867290116667589,0.0010895379432738325,-2371.8391782929184,-618.6658822772802
14.3000000000001,0.006894157164470099,0.0010597940306127126,-2387.1273097248522,-604.3768197772797
14.3250000000001,0.006920278244306339,0.0010298612514161214,-2402.0576286567766,-590.0408822772793
14.3500000000001,0.006945648690482163,0.0009997440856645257,-2416.628963213715,-575.6580697772788
14.3750000000001,0.0069702639494860965,0.0009694470279868255,-2430.8401415206454,-561.2283822772786
14.4000000000001,0.006994119580355354,0.0009389745876603587,-2444.68999170258,-546.7518197772779
14.4250000000001,0.007017211255042358,0.0009083312886109195,-2458.17734188451,-532.2283822772774
14.4500000000001,0.00703953475878061,0.0008775216694127197,-2471.3010201914426,-517.6580697772772
14.4750000000001,0.007061085990451216,0.0008465502832884293,-2484.059854748377,-503.0408822772763
14.5000000000001,0.0070818609629488384,0.0008154216981091219,-2496.4526736803027,-488.3768197772756
14.5250000000001,0.007101855803548138,0.0007841404963943358,-2508.478305112241,-473.6658822772754
14.5500000000001,0.007121066754269729,0.0007527112753120454,-2520.135577169168,-458.90806977727493
14.5750000000001,0.007139490172246748,0.0007211386466786508,-2531.423317976103,-444.1033822772745
14.6000000000001,0.0071571225300905775,0.0006894272369589814,-2542.340355658031,-429.251819777274
14.6250000000001,0.007173960416257486,0.0006575816872663753,-2552.885518339968,-414.35338227727357
14.6500000000001,0.007190000535414711,0.0006256066533624669,-2563.0576341468977,-399.4080697772731
14.6750000000001,0.007205239708806554,0.0005935068056574819,-2572.855531203832,-384.4158822772729
14.7000000000001,0.007219674874620705,0.0005612868292099791,-2582.278037635761,-369.3768197772722
14.7250000000001,0.007233303088354395,0.0005289514237269907,-2591.323981567695,-354.290882277272
14.7500000000001,0.007246121523180608,0.0004965053035640189,-2599.992191124629,-339.1580697772715
14.7750000000001,0.007258127470314518,0.00046395319772492283,-2608.2814944315596,-323.97838227727107
14.8000000000001,0.007269318339379247,0.00043129984986208,-2616.1907196134935,-308.7518197772704
14.8250000000001,0.007279691658772532,0.00039855001827625866,-2623.7186947954174,-293.47838227726993
14.8500000000001,0.007289245076032559,0.00036570847591666823,-2630.864248102356,-278.15806977726925
14.8750000000001,0.007297976358204526,0.00033278001038098857,-2637.6262076592825,-262.7908822772688
14.9000000000001,0.00730588339220648,0.00029976942391529097,-2644.0034015912192,-247.37681977726834
14.9250000000001,0.007312964185195891,0.00026668153341412185,-2649.994658023149,-231.91588227726788
14.9500000000001,0.007319216864935697,0.00023352117042044814,-2655.598805080084,-216.40806977726743
14.9750000000001,0.007324639680160327,0.00020029318112565033,-2660.814670887012,-200.85338227726675
15.0000000000001,0.0073292310009423715,0.00016700242636961266,-2665.641083568945,-185.25181977726652
15.0250000000001,0.007332989319058276,0.00013365378164059563,-2670.0768712508752,-169.60338227726584
15.0500000000001,0.007335913248355022,0.00010025213707533231,-2674.1208620578095,-153.9080697772656
15.0750000000001,0.007338001525115888,6.680239745894979e-05,-2677.7718841147434,-138.16588227726515
15.1000000000001,0.007339253008427113,3.330948222505115e-05,-2681.0287655466714,-122.3768197772647
15.1250000000001,0.007339666680543658,-2.216745443061642e-07,-2683.8903344786045,-106.54088227726379
15.1500000000001,0.0073392416472557506,-3.378612411867373e-05,-2686.3554190355317,-90.65806977726356
15.1750000000001,0.007337977138255069,-6.737890311915313e-05,-2688.4228473424682,-74.72838227726288
15.2000000000001,0.007335872507500786,-0.00010099503351837947,-2690.091447524395,-58.751819777262426
15.2250000000001,0.007332927233585728,-0.00013462952264059035,-2691.360047706331,-42.72838227726197
15.2500000000001,0.00732914092010302,-0.00016827736316156298,-2692.2274760132605,-26.65806977726129
15.2750000000001,0.007324513296011728,-0.00020193353310863239,-2692.692560570194,-10.540882277260835
15.3000000000001,0.007319044216003471,-0.00023559299586071265,-2692.7541295021233,5.62318022273962
15.3250000000002,0.007312733660868452,-0.0002692507001482861,-2692.4110109340572,21.834117722740075
15.3500000000002,0.0073055817378618005,-0.0003029015800533343,-2691.6620329909883,38.09193022274076
15.3750000000002,0.0072975886810696935,-0.0003365405550095012,-2690.506023797919,54.396617722740984
15.4000000000002,0.007288754851775276,-0.0003701625298019361,-2688.9418114798514,70.74818022274167
15.4250000000002,0.0072790807388256945,-0.000403762394567343,-2686.968224161782,87.14661772274212
15.4500000000002,0.007268566958997365,-0.0004373350247940024,-2684.584089968716,103.5919302227428
15.4750000000002,0.007257214257362797,-0.00047087528132176747,-2681.78823702564,120.08411772274326
15.5000000000002,0.007245023507656476,-0.0005043780103420347,-2678.579493457576,136.6231802227437
15.5250000000002,0.007231995712641308,-0.0005378380433977963,-2674.956687389507,153.2091177227444
15.5500000000002,0.007218132004474684,-0.0005712501973835528,-2670.9186469464403,169.84193022274485
15.5750000000002,0.007203433645074955,-0.0006046092745454154,-2666.464200253369,186.5216177227453
15.6000000000002,0.007187902026486956,-0.0006379100624810379,-2661.592175435301,203.24818022274576
15.6250000000002,0.007171538671249071,-0.0006711473341396252,-2656.301400617235,220.02161772274667
15.6500000000002,0.007154345232759006,-0.0007043158478219867,-2650.590703924164,236.84193022274667
15.6750000000002,0.007136323495639941,-0.000737410347180425,-2644.4589134810967,253.70911772274712
15.7000000000002,0.007117475376106936,-0.0007704255612189085,-2637.904857413027,270.6231802227476
15.7250000000002,0.007097802922333006,-0.0008033562042928581,-2630.9273638449545,287.5841177227485
15.7500000000002,0.007077308314815381,-0.0008361969761092893,-2623.525260901887,304.59193022274917
15.7750000000002,0.007055993866741779,-0.0008689425617268666,-2615.697376708821,321.6466177227496
15.8000000000002,0.0070338620243565264,-0.0009015876315556556,-2607.4425393907545,338.7481802227501
15.8250000000002,0.007010915367326807,-0.0009341268413574589,-2598.7595770726834,355.89661772275053
15.8500000000002,0.006987156609108838,-0.0009665548322455083,-2589.6473178796114,373.0919302227512
15.8750000000002,0.006962588597314214,-0.0009988662306846625,-2580.104589936545,390.33411772275167
15.9000000000002,0.006937214314075861,-0.001031055648491313,-2570.1302213684744,407.6231802227526
15.9250000000002,0.006911036876414414,-0.00106311768283347,-2559.723040300407,424.9591177227526
15.9500000000002,0.00688405953660462,-0.0010950469162306032,-2548.8818748573394,442.3419302227535
15.9750000000002,0.006856285682541109,-0.0011268379165538418,-2537.605553164267,459.77161772275394
16.0000000000002,0.006827718838104992,-0.0011584852370258598,-2525.892903346197,477.2481802227544
16.0250000000002,0.006798362663529751,-0.0011899834162208325,-2513.7427535281304,494.77161772275394
16.0500000000002,0.006768220955767824,-0.0012213269780645642,-2501.1539318350624,512.3419302227528
16.0750000000002,0.006737297648856373,-0.0012525104318344008,-2488.125266391997,529.9591177227521
16.1000000000002,0.0067055968142840615,-0.0012835282721592612,-2474.655585323924,547.6231802227517
16.1250000000002,0.006673122661356548,-0.0013143749790195895,-2460.7437167558614,565.334117722751
16.1500000000002,0.0066398795375634465,-0.0013450450177474255,-2446.3884888127914,583.0919302227503
16.1750000000001,0.006605871928943812,-0.001375532839026375,-2431.5887296197243,600.8966177227499
16.2000000000001,0.006571104460453192,-0.0014058328788915638,-2416.343267301657,618.7481802227489
16.2250000000001,0.0065355818963288015,-0.0014359395587297385,-2400.650929983586,636.646617722748
16.2500000000001,0.006499309140456712,-0.0014658472852791798,-2384.51054579052,654.5919302227471
16.2750000000001,0.006462291236737415,-0.0014955504506296916,-2367.9209428474505,672.5841177227462
16.3000000000001,0.00642453336945252,-0.0015250434322227491,-2350.880949279384,690.623180222746
16.3250000000001,0.00638604086363029,-0.0015543205928512582,-2333.389393211316,708.7091177227448
16.3500000000001,0.006346819185412645,-0.0015833762806598053,-2315.4451027682458,726.8419302227444
16.3750000000001,0.006306873942420873,-0.0016122048291444362,-2297.0469060751843,745.0216177227433
16.4000000000001,0.00626621088412199,-0.0016408005571528208,-2278.193631257114,763.2481802227426
16.4250000000001,0.006224835902194864,-0.0016691577688841977,-2258.8841064390454,781.5216177227421
16.4500000000001,0.00618275503089641,-0.0016972707538893085,-2239.11715974598,799.841930222741
16.4750000000001,0.0061399744474281304,-0.0017251337870705513,-2218.8916193029113,818.2091177227398
16.5000000000001,0.006096500472301902,-0.0017527411286817765,-2198.2063132348444,836.6231802227394
16.5250000000001,0.006052339569706359,-0.0017800870243284946,-2177.060069666775,855.0841177227387
16.5500000000001,0.006007498347873173,-0.0018071657049677095,-2155.4517167237113,873.5919302227376
16.5750000000001,0.005961983559443067,-0.0018339713869080293,-2133.3800825306457,892.1466177227367
16.6000000000001,0.005915802101832332,-0.0018604982718096246,-2110.843995212572,910.7481802227367
16.6250000000001,0.005868961017598746,-0.0018867405466841975,-2087.8422828945104,929.3966177227353
16.6500000000001,0.005821467494807955,-0.00191269238389501,-2064.3737737014485,948.0919302227344
16.6750000000001,0.005773328867399516,-0.0019383479411569354,-2040.4372957583728,966.8341177227339
16.7000000000001,0.0057245526155533955,-0.001963701361536358,-2016.0316771903122,985.6231802227328
16.7250000000001,0.005675146366055825,-0.0019887467734512653,-1991.15574612224,1004.4591177227321
16.7500000000001,0.005625117892665864,-0.002013478290671198,-1965.8083306791773,1023.3419302227312
16.7750000000001,0.005574475116481391,-0.002037890012317193,-1939.9882589861068,1042.2716177227305
16.8000000000001,0.005523226106305139,-0.0020619760228619763,-1913.6943591680401,1061.2481802227294
16.8250000000001,0.005471379079011502,-0.0020857303921297463,-1886.9254593499718,1080.271617722729
16.8500000000001,0.005418942399912122,-0.0021091471752962493,-1859.680387656911,1099.3419302227278
16.8750000000001,0.005365924583122447,-0.002132220412888861,-1831.9579722138405,1118.4591177227271
16.9000000000001,0.005312334291927729,-0.0021549441307864717,-1803.757041145774,1137.6231802227262
16.9250000000001,0.0052581803391495395,-0.00217731234021959,-1775.0764225777043,1156.834117722725
16.9500000000001,0.005203471687511669,-0.0021993190377702122,-1745.9149446346437,1176.091930222724
16.9750000000001,0.0051482174500065234,-0.002220958205371903,-1716.271435441572,1195.396617722723
17.0000000000001,0.005092426890261273,-0.0022422238103098754,-1686.1447231235084,1214.748180222723
17.0250000000001,0.005036109422903893,-0.0022631098052208207,-1655.5336358054365,1234.1466177227212
17.0500000000001,0.004979274613929779,-0.002283610128093039,-1624.4370016123744,1253.5919302227203
17.0750000000001,0.004921932181067658,-0.0023037187022663577,-1592.853648669311,1273.0841177227198
17.1000000000001,0.004864091994145765,-0.0023234294364321588,-1560.782405101243,1292.6231802227192
17.1250000000001,0.004805764075458371,-0.0023427362246334488,-1528.2220990331753,1312.2091177227176
17.1500000000001,0.0047469586001315026,-0.00236163294626476,-1495.1715585901138,1331.841930222717
17.1750000000001,0.0046876858964895966,-0.002380113466072183,-1461.6296118970422,1351.521617722716
17.2000000000001,0.004627956446421593,-0.0023981716341533324,-1427.5950870789811,1371.2481802227153
17.2250000000001,0.0045677808857468825,-0.0024158012859574647,-1393.0668122609113,1391.0216177227144
17.2500000000001,0.004507170004581838,-0.002432996242285373,-1358.0436155678462,1410.8419302227132
17.2750000000001,0.0044461347477062485,-0.002449750309289381,-1322.5243251247803,1430.709117722712
17.3000000000001,0.0043846862149285355,-0.0024660572784733917,-1286.507769056716,1450.6231802227112
17.3250000000001,0.0043228356614532365,-0.002481910926692881,-1249.9927754886512,1470.58411772271
17.3500000000001,0.004260594498246173,-0.0024973050161548665,-1212.978172545586,1490.591930222709
17.3750000000001,0.004197974292401419,-0.002512233294417977,-1175.4627883525172,1510.6466177227085
17.4000000000001,0.004134986767506857,-0.0025266894943923217,-1137.4454510344522,1530.748180222707
17.4250000000001,0.004071643804011284,-0.00254066733433966,-1098.9249887163915,1550.8966177227062
17.4500000000001,0.004007957439589389,-0.002554160517873278,-1059.900229523324,1571.0919302227048
17.4750000000001,0.003943939869508965,-0.002567162733957966,-1020.3700015802524,1591.3341177227044
17.5000000000001,0.003879603446996841,-0.002579667656910159,-980.333133012191,1611.6231802227032
17.5250000000001,0.0038149606836049427,-0.0025916689463978447,-939.7884519441313,1631.9591177227026
17.5500000000001,0.003750024249576541,-0.0026031602474405197,-898.7347865010606,1652.3419302227012
17.5750000000001,0.0036848069742127405,-0.00261413519040933,-857.1709648079941,1672.7716177227
17.6000000000001,0.0036193218462382583,-0.002624587391026883,-815.0958149899361,1693.248180222699
17.6250000000001,0.003553582014168128,-0.0026345104503674105,-772.5081651718674,1713.771617722698
17.6500000000001,0.003487600786673019,-0.0026438979548566817,-729.4068434788041,1734.3419302226973
17.6750000000001,0.0034213916329466666,-0.0026527434762720825,-685.7906780357325,1754.9591177226957
17.7000000000001,0.00335496818307144,-0.002661040571742479,-641.6584969676724,1775.6231802226948
17.7250000000001,0.0032883442283843586,-0.002668782783748367,-597.0091283996026,1796.3341177226937
17.7500000000001,0.0032215337218435905,-0.0026759636401217455,-551.8414004565393,1817.0919302226926
17.7750000000001,0.0031545507783946533,-0.0026825766540462424,-506.1541412634788,1837.8966177226916
17.8000000000001,0.00308740967533655,-0.00268861532405696,-459.94617894541443,1858.7481802226907
17.8250000000001,0.0030201248526878846,-0.002694073134040702,-413.2163416273479,1879.6466177226894
17.8500000000001,0.002952710913553643,-0.0026989435532356644,-365.96345743428446,1900.5919302226885
17.8750000000001,0.0028851826244905045,-0.0027032200362317477,-318.18635449121575,1921.5841177226876
17.9000000000001,0.002817554915873474,-0.0027068960229703516,-269.88386092315795,1942.6231802226864
17.9250000000001,0.002749842882262564,-0.0027099649387444247,-221.05480485509634,1963.7091177226853
17.9500000000000,0.002682061782768169,-0.0027124201941985063,-171.69801441202435,1984.8419302226844
17.9750000000000,0.002614227041417963,-0.00271425518532868,-121.81231771895364,2006.0216177226828
18.0000000000000,0.002546354247522545,-0.0027154632934826128,-71.39654290089948,2027.2481802226816
18.0250000000000,0.0024784591560421364,-0.0027160378853595245,-20.44951808283531,2048.5216177226807
18.0500000000000,0.0024105576879523936,-0.0027159723130102,31.029928610234492,2069.8419302226794
18.0750000000000,0.002342665930611054,-0.0027152599138369916,83.0429690532992,2091.2091177226785
18.1000000000000,0.00227480013812369,-0.002713894010593779,135.59077512135536,2112.623180222677
18.1250000000000,0.002206976731710362,-0.002711867911386034,188.67451868942408,2134.0841177226766
18.1500000000000,0.0021392123000712505,-0.0027091749096708004,242.29537163248642,2155.591930222675
18.1750000000000,0.002071523599753527,-0.002705808284256683,296.45450582554895,2177.146617722674
18.2000000000000,0.002003927555517142,-0.0027017612993038113,351.15309314361093,2198.748180222673
18.2250000000000,0.0019364412607012008,-0.0026970272043239218,406.39230546168346,2220.396617722671
18.2500000000000,0.0018690819775899724,-0.002691599234180291,462.1733146547467,2242.0919302226703
18.2750000000000,0.0018018671377793422,-0.0026854706090877548,518.4972925978054,2263.8341177226694
18.3000000000000,0.0017348143425430056,-0.002678634534612751,575.3654111658661,2285.6231802226685
18.3250000000000,0.0016679413631985052,-0.002671084201673203,632.7788422339318,2307.4591177226666
18.3500000000000,0.0016012661414736076,-0.00266281278653868,690.7387576769961,2329.3419302226657
18.3750000000000,0.001534806789872313,-0.0026538134508302443,749.2463293700657,2351.271617722664
18.4000000000000,0.0014685815920413327,-0.002644079341520571,808.3027291881181,2373.2481802226634
18.4250000000000,0.0014026090031362577,-0.002633603590933878,867.9091290061815,2395.271617722662
18.4500000000000,0.0013369076501873085,-0.002622379316745931,928.0667006992489,2417.3419302226603
18.4750000000000,0.001271496332466298,-0.002610399621984087,988.7766161423133,2439.45911772266
18.5000000000000,0.0012063940218523354,-0.002597657595027298,1050.0400472103738,2461.623180222658
18.5250000000000,0.0011416198631979714,-0.0025841463096059163,1111.8581657784353,2483.8341177226566
18.5500000000000,0.0010771931746961887,-0.0025698588248020734,1174.2321437215014,2506.0919302226557
18.5750000000000,0.0010131334482451938,-0.0025547881850493497,1237.1631529145598,2528.396617722655
18.6000000000000,0.000949460349815967,-0.002538927420132873,1300.6523652326232,2550.748180222654
18.6250000000000,0.0008861937198180146,-0.0025222695451893786,1364.7009525506892,2573.146617722652
18.6500000000000,0.0008233535734652568,-0.002504807560707114,1429.3100867437524,2595.5919302226507
18.6750000000000,0.0007609601011427693,-0.0024865344525259927,1494.4809396868068,2618.0841177226494
18.7000000000000,0.0006990336687723898,-0.0024674431918373617,1560.2146832548751,2640.6231802226484
18.7250000000000,0.0006375948181798451,-0.0024475267351841915,1626.512489322944,2663.2091177226466
18.7500000000000,0.0005766642674597568,-0.002426778024461059,1693.375529765999,2685.8419302226457
18.7750000000000,0.0005162629113429247,-0.002405189986914016,1760.8049764590605,2708.521617722645
18.8000000000000,0.0004564118215619195,-0.002382755535140736,1828.8020012771294,2731.2481802226434
18.8250000000000,0.0003971322472173869,-0.00235946756709041,1897.3677760951878,2754.0216177226416
18.8500000000000,0.0003384456151447751,-0.002335318966063855,1966.5034727882512,2776.8419302226403
18.8750000000000,0.0002803735302796262,-0.002310302600713422,2036.2102632313126,2799.7091177226393
18.9000000000000,0.00022293777602439696,-0.0022844113250429666,2106.4893192993713,2822.6231802226375
18.9250000000000,0.00016616031461465577,-0.002257637978408035,2177.341812867433,2845.5841177226366
18.9500000000000,0.00011006328748534161,-0.002229975385515561,2248.7689158105013,2868.5919302226357
18.9750000000000,5.466901563673868e-05,-0.0022014163564242056,2320.771800003554,2891.6466177226343
19.0000000000000,3.8163916471489756e-17,-0.002171953686544133,2393.351637321626,2914.748180222633
19.0250000000000,-5.3927072609954996e-05,-0.002142299486494777,2351.4168224009163,-1665.8144718304247
19.0500000000000,-0.00010711931237708874,-0.0021131658522471255,2310.0613043551566,-1642.6191593304266
19.0750000000000,-0.00015958964287034194,-0.0020845455352660573,2269.286255059391,-1619.3769718304275
19.1000000000000,-0.000211350806261848,-0.00205643127236803,2229.092846388634,-1596.0879093304293
19.1250000000000,-0.00026241536296147533,-0.002028815785720976,2189.4822502178777,-1572.7519718304302
19.1500000000000,-0.0003127956912499716,-0.0020016917828443743,2150.4556384221223,-1549.369159330431
19.1750000000000,-0.0003625039869131347,-0.001975051956609372,2112.014182876358,-1525.939471830433
19.2000000000000,-0.0004115522628751339,-0.0019488889852386053,2074.1590554555996,-1502.4629093304347
19.2250000000000,-0.0004599523488327331,-0.001923195532306297,2036.8914280348426,-1478.9394718304357
19.2500000000000,-0.0005077158908890836,-0.0018979642467382637,2000.2124724890873,-1455.3691593304375
19.2750000000000,-0.0005548543511874615,-0.001873187762811786,1964.1233606933229,-1431.7519718304393
19.3000000000000,-0.0006013790075445197,-0.0018488587001558292,1928.6252645225668,-1408.0879093304402
19.3250000000000,-0.0006473009530847187,-0.0018249696637508243,1893.7193558518038,-1384.376971830442
19.3500000000000,-0.0006926310958743076,-0.0018015132439287984,1859.4068065560514,-1360.619159330442
19.3750000000000,-0.0007373801585541448,-0.0017784820163733884,1825.688788510287,-1336.8144718304447
19.4000000000000,-0.0007815586779744768,-0.0017558685421196953,1792.566473589528,-1312.9629093304457
19.4250000000000,-0.0008251770048281898,-0.0017336653675544995,1760.0410336687673,-1289.0644718304475
19.4500000000000,-0.0008682453032847759,-0.0017118650244160143,1728.1136406230198,-1265.1191593304484
19.4750000000000,-0.0009107735506239528,-0.0016904600297941164,1696.7854663272528,-1241.1269718304493
19.5000000000000,-0.0009527715368699285,-0.0016694428861302058,1666.0576826564957,-1217.087909330452
19.5250000000000,-0.000994248864424306,-0.0016488060812172769,1635.9314614857294,-1193.001971830453
19.5500000000000,-0.0010352149477007508,-0.0016285420881998695,1606.4079746899652,-1168.8691593304538
19.5750000000000,-0.0010756790127581933,-0.0016086433655739876,1577.4883941442113,-1144.6894718304557
19.6000000000000,-0.0011156500969354277,-0.0015891023571873875,1549.1738917234488,-1120.4629093304575
19.6250000000000,-0.0011551370484835927,-0.0015699114922392687,1521.4656393026935,-1096.1894718304593
19.6500000000000,-0.0011941485262014287,-0.0015510631852803537,1494.3648087569263,-1071.8691593304602
19.6750000000000,-0.0012326929990675584,-0.0015325498362130305,1467.8725719611693,-1047.501971830462
19.6999999999999,-0.0012707787458755074,-0.0015143638302912137,1441.9901007904145,-1023.0879093304638
19.7249999999999,-0.0013084138548674143,-0.0014964975381203584,1416.718567119654,-998.6269718304648
19.7499999999999,-0.0013456062233665328,-0.0014789433156575105,1392.0591428238868,-974.1191593304666
19.7749999999999,-0.0013823635574128287,-0.0014616935042112093,1368.0129997781305,-949.5644718304675
19.7999999999999,-0.001418693371395205,-0.001444740430441696,1344.58130985737,-924.9629093304693
19.8249999999999,-0.0014546029876862793,-0.0014280764063606122,1321.7652449366115,-900.3144718304702
19.8499999999999,-0.0014900995362760738,-0.0014116937293313179,1299.5659768908472,-875.619159330472
19.8749999999999,-0.001525189954404968,-0.0013955846820685545,1277.9846775950882,-850.8769718304738
19.8999999999999,-0.0015598809861987195,-0.0013797415326388014,1257.022518924332,-826.0879093304748
19.9249999999999,-0.0015941791823013626,-0.0013641565344600544,1236.6806727535704,-801.2519718304766
19.9499999999999,-0.0016280908995093893,-0.001348821926301735,1216.9603109578047,-776.3691593304784
19.9749999999999,-0.001661622300405105,-0.0013337299322850604,1197.862605412045,-751.4394718304793
19.9999999999999,-0.0016947793529911229,-0.0013188727618825818,1179.3887279912879,-726.462909330482
20.0249999999999,-0.0017275678384647622,-0.001304243912612281,1161.2271552580241,-726.4629093304147
20.0499999999999,-0.0017599934404522177,-0.0012898420830011262,1143.065582524766,-726.4629093304147
20.0749999999999,-0.0017920618344454062,-0.0012756672730491903,1124.9040097915058,-726.4629093304147
20.0999999999999,-0.0018237786959351895,-0.0012617194827563502,1106.742437058244,-726.4629093304138
20.1249999999999,-0.001855149700413554,-0.0012479987121227342,1088.5808643249984,-726.4629093304138
20.1499999999999,-0.0018861805233718262,-0.0012345049611482035,1070.4192915917292,-726.4629093304129
20.1749999999999,-0.0019168768403014236,-0.0012212382298329334,1052.2577188584664,-726.4629093304129
20.1999999999999,-0.0019472443266939227,-0.001208198518176811,1034.0961461252064,-726.4629093304147
20.2249999999999,-0.0019772886580406643,-0.0011953858261798157,1015.9345733919545,-726.4629093304147
20.2499999999999,-0.002007015509833558,-0.0011828001538419924,997.7730006586926,-726.4629093304129
20.2749999999999,-0.002036430557563383,-0.001170441501163329,979.6114279254243,-726.4629093304147
20.2999999999999,-0.002065539476722056,-0.0011583098681438551,961.4498551921697,-726.4629093304138
20.3249999999999,-0.0020943479428010836,-0.0011464052547835168,943.2882824589251,-726.4629093304147
20.3499999999999,-0.002122861631291925,-0.0011347276610823576,925.1267097256587,-726.4629093304129
20.3749999999999,-0.002151086217685519,-0.0011232770870403877,906.9651369923959,-726.4629093304129
20.3999999999999,-0.002179027377474309,-0.0011120535326575413,888.8035642591403,-726.4629093304138
20.4249999999999,-0.0022066907861491153,-0.001101056997933919,870.6419915258775,-726.4629093304129
20.4499999999999,-0.002234082119201501,-0.0010902874828694065,852.4804187926247,-726.4629093304138
20.4749999999999,-0.0022612070521229252,-0.0010797449874640798,834.3188460593583,-726.4629093304129
20.4999999999999,-0.0022880712604053596,-0.0010694295117179703,816.1572733260991,-726.4629093304138
20.5249999999999,-0.002314680419539493,-0.0010593410556309357,797.9957005928391,-726.4629093304138
20.5499999999999,-0.0023410402050172627,-0.0010494796192031426,779.8341278595799,-726.4629093304147
20.5749999999999,-0.0023671562923299194,-0.0010398452024344765,761.6725551263198,-726.4629093304138
20.5999999999999,-0.0023930343569693036,-0.001030437805324979,743.5109823930679,-726.4629093304138
20.6249999999999,-0.0024186800744269016,-0.0010212574278746604,725.3494096597933,-726.4629093304147
20.6499999999999,-0.002444099120193534,-0.001012304070083462,707.1878369265423,-726.4629093304129
20.6749999999999,-0.002469297169761575,-0.0010035777319514702,689.0262641932823,-726.4629093304147
20.6999999999999,-0.0024942798986216097,-0.0009950784134786714,670.8646914600195,-726.4629093304147
20.7249999999999,-0.0025190529822658805,-0.0009868061146649718,652.7031187267603,-726.4629093304138
20.7499999999999,-0.0025436220961855965,-0.0009787608355105136,634.5415459935002,-726.4629093304138
20.7749999999999,-0.0025679929158718695,-0.0009709425760151512,616.3799732602456,-726.4629093304138
20.7999999999999,-0.002592171116816727,-0.0009633513361789574,598.2184005269855,-726.4629093304147
20.8249999999999,-0.002616162374511323,-0.0009559871160019946,580.0568277937273,-726.4629093304129
20.8499999999999,-0.0026399723644473377,-0.0009488499154841484,561.8952550604699,-726.4629093304138
20.8749999999999,-0.002663606762116133,-0.000941939734625457,543.7336823272144,-726.4629093304147
20.8999999999999,-0.0026870712430090912,-0.0009352565734259757,525.5721095939516,-726.4629093304156
20.9249999999999,-0.002710371482617782,-0.0009288004318856076,507.41053686069245,-726.4629093304129
20.9499999999999,-0.0027335131564338658,-0.0009225713100044323,489.2489641274369,-726.462909330412
20.9749999999999,-0.002756501939948343,-0.0009165692077824153,471.08739139417594,-726.4629093304138
20.9999999999999,-0.0027793435086534216,-0.0009107941252195599,452.9258186609095,-726.4629093304156
21.0249999999999,-0.002801887288040074,-0.0008927460623159647,1434.7642459276467,-726.4629093304147
21.0499999999999,-0.0028239827035997714,-0.0008749250190714444,1416.6026731943984,-726.4629093304129
21.0749999999999,-0.0028456354308239104,-0.0008573309954860928,1398.4411004611356,-726.462909330412
21.0999999999999,-0.00286685114520438,-0.0008399639915599097,1380.2795277278801,-726.4629093304138
21.1249999999999,-0.0028876355222324165,-0.0008228240072928883,1362.1179549946155,-726.4629093304138
21.1499999999999,-0.002907994237399694,-0.0008059110426850424,1343.956382261349,-726.4629093304138
21.1749999999999,-0.0029279329661973524,-0.0007892250977363686,1325.7948095281008,-726.462909330412
21.1999999999999,-0.0029474573841169888,-0.0007727661724468635,1307.633236794838,-726.4629093304138
21.2249999999999,-0.0029665731666500966,-0.0007565342668164957,1289.4716640615825,-726.4629093304138
21.2499999999999,-0.002985285989288211,-0.0007405293808453069,1271.3100913283251,-726.4629093304138
21.2749999999999,-0.0030036015275230615,-0.0007247515145333387,1253.148518595055,-726.4629093304147
21.2999999999999,-0.0030215254568454336,-0.0007092006678804351,1234.986945861805,-726.4629093304129
21.3249999999999,-0.0030390634527475285,-0.0006938768408867868,1216.8253731285422,-726.4629093304147
21.3499999999999,-0.003056221190720354,-0.0006787800335522134,1198.6638003952758,-726.4629093304138
21.3749999999999,-0.0030730043462554035,-0.0006639102458769024,1180.5022276620348,-726.4629093304147
21.3999999999999,-0.0030894185948446007,-0.0006492674778606801,1162.3406549287702,-726.4629093304147
21.4249999999999,-0.0031054696119788977,-0.0006348517295036785,1144.1790821955055,-726.462909330412
21.4499999999999,-0.0031211630731503154,-0.0006206630008058073,1126.0175094622518,-726.4629093304138
21.4749999999998,-0.003136504653849778,-0.0006067012917670908,1107.855936728989,-726.4629093304156
21.4999999999998,-0.0031515000295690293,-0.000592966602387595,1089.6943639957299,-726.4629093304147
21.5249999999998,-0.0031661548757996733,-0.0005794589326671776,1071.5327912624616,-726.4629093304129
21.5499999999998,-0.003180474868033009,-0.0005661782826060398,1053.371218529206,-726.4629093304129
21.5749999999998,-0.0031944656817604333,-0.0005531246522039665,1035.2096457959633,-726.4629093304147
21.5999999999998,-0.0032081329924737723,-0.0005402980414611173,1017.0480730626823,-726.4629093304156
21.6249999999998,-0.0032214824756640476,-0.0005276984503774021,998.8865003294268,-726.4629093304129
21.6499999999998,-0.0032345198068230163,-0.0005153258789529144,980.7249275961603,-726.4629093304138
21.6749999999998,-0.0032472506614421026,-0.0005031803271875225,962.5633548629157,-726.4629093304156
21.6999999999998,-0.0032596807150128693,-0.0004912617950813339,944.4017821296402,-726.4629093304129
21.7249999999998,-0.0032718156430267126,-0.00047957028263427223,926.2402093963774,-726.4629093304129
21.7499999999998,-0.0032836611209751537,-0.00046810578984639653,908.0786366631346,-726.4629093304138
21.7749999999998,-0.003295222824349381,-0.00045686831671769637,889.9170639298754,-726.4629093304156
21.7999999999998,-0.0033065064286413454,-0.0004458578632481544,871.7554911966126,-726.4629093304138
21.8249999999998,-0.0033175176093424713,-0.0004350744294377984,853.5939184633571,-726.4629093304138
21.8499999999998,-0.0033282620419437525,-0.0004245180152865728,835.4323457300998,-726.4629093304138
21.8749999999998,-0.0033387454019372237,-0.0004141886207945228,817.270772996837,-726.4629093304138
21.8999999999998,-0.003348973364814045,-0.00040408624596170034,799.1092002635742,-726.4629093304138
21.9249999999998,-0.00335895160606578,-0.00039421089078792854,780.9476275303168,-726.4629093304147
21.9499999999998,-0.003368685801183907,-0.000384562555273419,762.7860547970613,-726.4629093304147
21.9749999999998,-0.003378181625660018,-0.0003751412394180434,744.6244820638058,-726.4629093304138
21.9999999999998,-0.003387444754985258,-0.00036594694322181556,726.462909330543,-726.4629093304129
22.0249999999998,-0.0033964808646515243,-0.0003569796666847737,708.3013365972711,-726.4629093304147
22.0499999999998,-0.0034052956301500042,-0.0003482394098068553,690.1397638640228,-726.4629093304129
22.0749999999998,-0.003413894726972219,-0.0003397261725881402,671.9781911307582,-726.4629093304129
22.0999999999998,-0.0034222838306100928,-0.0003314399550286007,653.8166183975045,-726.4629093304147
22.1249999999998,-0.0034304686165544523,-0.000323380757128202,635.6550456642399,-726.4629093304129
22.1499999999998,-0.0034384547602967636,-0.00031554857888701007,617.4934729309825,-726.4629093304138
22.1749999999998,-0.003446247937329283,-0.00030794342030495206,599.331900197727,-726.4629093304129
22.1999999999998,-0.0034538538231425053,-0.00030056528138204183,581.1703274644715,-726.4629093304156
22.2249999999998,-0.0034612780932288395,-0.00029341416211833143,563.0087547312014,-726.4629093304147
22.2499999999998,-0.003468526423078891,-0.00028649006251378964,544.8471819979368,-726.4629093304156
22.2749999999998,-0.003475604488184958,-0.0002797929825683887,526.6856092646958,-726.4629093304147
22.2999999999998,-0.0034825179640381038,-0.00027332292228218064,508.5240365314239,-726.4629093304138
22.3249999999998,-0.0034892725261294333,-0.0002670798816551169,490.3624637981684,-726.4629093304138
22.3499999999998,-0.003495873849951342,-0.000261063860687194,472.20089106491105,-726.4629093304156
22.3749999999998,-0.0035023276109947127,-0.00025527485937849176,454.03931833164825,-726.4629093304138
22.3999999999998,-0.003508639484750442,-0.00024971287772894424,435.8777455984073,-726.4629093304138
22.4249999999998,-0.0035148151467113836,-0.00024437791573852716,417.7161728651208,-726.462909330412
22.4499999999998,-0.00352086027236799,-0.0002392699734072995,399.5546001318635,-726.4629093304129
22.4749999999998,-0.0035267805372119765,-0.00023438905073525085,381.3930273986225,-726.4629093304147
22.4999999999998,-0.00353258161673535,-0.0002297351477223257,363.2314546653597,-726.4629093304129
22.5249999999998,-0.0035382691864284943,-0.00022530826436859344,345.0698819320951,-726.4629093304147
22.5499999999998,-0.003543848921784429,-0.00022110840067402632,326.90830919883956,-726.4629093304147
22.5749999999998,-0.003549326498292857,-0.0002171355566386382,308.7467364655695,-726.4629093304129
22.5999999999998,-0.0035547075914464515,-0.00021338973226240135,290.58516373231214,-726.4629093304147
22.6249999999998,-0.003559997876736498,-0.00020987092754529146,272.42359099904934,-726.4629093304147
22.6499999999998,-0.0035652030296546428,-0.00020657914248740222,254.26201826578472,-726.4629093304138
22.6749999999998,-0.0035703287256913796,-0.00020351437708867812,236.10044553253647,-726.4629093304156
22.6999999999998,-0.00357538064033934,-0.00020067663134910874,217.93887279926457,-726.4629093304138
22.7249999999998,-0.0035803644490892406,-0.00019806590526870796,199.77730006601632,-726.4629093304147
22.7499999999998,-0.003585285827433171,-0.00019568219884742374,181.61572733276807,-726.4629093304138
22.7749999999998,-0.00359015045086232,-0.0001935255120853671,163.45415459950345,-726.462909330412
22.7999999999998,-0.003594963994868028,-0.00019159584498244786,145.29258186623156,-726.4629093304138
22.8249999999998,-0.003599732134941691,-0.00018989319753869027,127.13100913297603,-726.462909330412
22.8499999999998,-0.0036044605465754415,-0.00018841756975411864,108.96943639972778,-726.4629093304138
22.8749999999998,-0.003609154905260342,-0.000187168961628726,90.80786366647044,-726.4629093304156
22.8999999999998,-0.0036138208864872484,-0.00018614737316246383,72.64629093320764,-726.4629093304138
22.9249999999998,-0.003618464165748597,-0.0001853528043553876,54.48471819993574,-726.4629093304156
22.9499999999998,-0.0036230904185354657,-0.00018478525520749037,36.32314546668022,-726.4629093304138
22.9749999999998,-0.0036277053203395554,-0.00018444472571874093,18.161572733430148,-726.4629093304138
22.9999999999998,-0.0036323145466521933,-0.00018433121588914275,1.8189894035458565e-10,-726.4629093304138
23.0249999999998,-0.003636922827049513,-0.0001843312158891358,-3.637978807091713e-12,-1.8189894035458565e-12
23.0499999999998,-0.0036415311074466383,-0.00018433121588914622,-5.4569682106375694e-12,0.0
23.0749999999998,-0.0036461393878439025,-0.00018433121588911847,-1.8189894035458565e-12,0.0
23.0999999999998,-0.0036507476682408474,-0.00018433121588915316,1.8189894035458565e-12,-1.8189894035458565e-12
23.1249999999998,-0.0036553559486381254,-0.0001843312158891254,-1.4551915228366852e-11,-1.8189894035458565e-12
23.1499999999998,-0.003659964229035223,-0.0001843312158891358,-9.094947017729282e-12,0.0
23.1749999999998,-0.0036645725094326814,-0.00018433121588911847,-1.2732925824820995e-11,-1.8189894035458565e-12
23.1999999999998,-0.003669180789830098,-0.000184331215889115,0.0,-1.8189894035458565e-12
23.2249999999997,-0.0036737890702272374,-0.00018433121588915663,3.637978807091713e-12,-3.637978807091713e-12
23.2499999999997,-0.003678397350624113,-0.0001843312158892052,-7.275957614183426e-12,-1.8189894035458565e-12
23.2749999999997,-0.003683005631021488,-0.00018433121588911847,-1.8189894035458565e-12,-1.8189894035458565e-12
23.2999999999997,-0.0036876139114188633,-0.00018433121588910112,-5.4569682106375694e-12,0.0
23.3249999999997,-0.003692222191815836,-0.0001843312158891497,-1.4551915228366852e-11,-1.8189894035458565e-12
23.3499999999997,-0.0036968304722129475,-0.0001843312158891497,-3.637978807091713e-12,0.0
23.3749999999997,-0.0037014387526103087,-0.00018433121588914275,-2.1827872842550278e-11,-1.8189894035458565e-12
23.3999999999997,-0.003706047033007462,-0.00018433121588917398,1.4551915228366852e-11,1.8189894035458565e-12
23.4249999999997,-0.0037106553134046566,-0.0001843312158891254,-1.8189894035458565e-11,0.0
23.4499999999997,-0.003715263593802323,-0.00018433121588915663,-2.1827872842550278e-11,0.0
23.4749999999997,-0.0037198718741993375,-0.00018433121588914622,-1.0913936421275139e-11,-1.8189894035458565e-12
23.4999999999997,-0.0037244801545965184,-0.00018433121588913234,9.094947017729282e-12,-3.637978807091713e-12
23.5249999999997,-0.003729088434993824,-0.00018433121588913234,0.0,-1.8189894035458565e-12
23.5499999999997,-0.0037336967153912826,-0.0001843312158891705,-1.8189894035458565e-11,-3.637978807091713e-12
23.5749999999997,-0.003738304995788394,-0.00018433121588914275,0.0,-1.8189894035458565e-12
23.5999999999997,-0.0037429132761857,-0.0001843312158891497,1.2732925824820995e-11,-1.8189894035458565e-12
23.6249999999997,-0.0037475215565824643,-0.00018433121588915663,-1.2732925824820995e-11,0.0
23.6499999999997,-0.0037521298369798672,-0.00018433121588918439,-2.1827872842550278e-11,-1.8189894035458565e-12
23.6749999999997,-0.0037567381173769787,-0.00018433121588916357,-3.637978807091713e-12,-1.8189894035458565e-12
23.6999999999997,-0.0037613463977744788,-0.00018433121588914275,-1.4551915228366852e-11,-1.8189894035458565e-12
23.7249999999997,-0.0037659546781714792,-0.00018433121588914275,-1.8189894035458565e-11,0.0
23.7499999999997,-0.0037705629585689793,-0.00018433121588912194,-1.2732925824820995e-11,0.0
23.7749999999997,-0.003775171238966285,-0.00018433121588914275,-7.275957614183426e-12,-1.8189894035458565e-12
23.7999999999997,-0.0037797795193632577,-0.00018433121588922602,-2.546585164964199e-11,-3.637978807091713e-12
23.8249999999997,-0.003784387799760508,-0.00018433121588915663,7.275957614183426e-12,-1.8189894035458565e-12
23.8499999999997,-0.0037889960801575917,-0.00018433121588912194,-2.3646862246096134e-11,-1.8189894035458565e-12
23.8749999999997,-0.003793604360555064,-0.00018433121588907336,9.094947017729282e-12,0.0
23.8999999999997,-0.0037982126409522865,-0.0001843312158891497,-9.094947017729282e-12,-3.637978807091713e-12
23.9249999999997,-0.003802820921349731,-0.00018433121588910112,-2.000888343900442e-11,-1.8189894035458565e-12
23.9499999999997,-0.0038074292017467593,-0.00018433121588912194,-1.4551915228366852e-11,0.0
23.9749999999997,-0.0038120374821441483,-0.00018433121588915663,-1.0913936421275139e-11,-1.8189894035458565e-12
23.9999999999997,-0.0038166457625410932,-0.00018433121588908724,-1.2732925824820995e-11,-1.8189894035458565e-12
24.0249999999997,-0.0038212540429383435,-0.0001843312158891358,3.637978807091713e-12,-1.8189894035458565e-12
24.0499999999997,-0.0038258623233357603,-0.00018433121588916357,3.637978807091713e-12,1.8189894035458565e-12
24.0749999999997,-0.003830470603732483,-0.00018433121588916357,-1.4551915228366852e-11,0.0
24.0999999999997,-0.0038350788841302885,-0.00018433121588910806,-3.637978807091713e-12,-3.637978807091713e-12
24.1249999999997,-0.0038396871645274555,-0.00018433121588918439,-2.000888343900442e-11,0.0
24.1499999999997,-0.003844295444924456,-0.00018433121588912887,-9.094947017729282e-12,-1.8189894035458565e-12
24.1749999999997,-0.0038489037253216507,-0.00018433121588915663,-1.4551915228366852e-11,-3.637978807091713e-12
24.1999999999997,-0.003853512005718873,-0.00018433121588912194,-3.637978807091713e-12,-1.8189894035458565e-12
24.2249999999997,-0.00385812028611629,-0.0001843312158891705,-2.000888343900442e-11,-1.8189894035458565e-12
24.2499999999997,-0.003862728566513457,-0.00018433121588921908,-9.094947017729282e-12,-1.8189894035458565e-12
24.2749999999997,-0.0038673368469106517,-0.00018433121588915663,3.637978807091713e-12,0.0
24.2999999999997,-0.0038719451273080963,-0.0001843312158891705,-2.1827872842550278e-11,-3.637978807091713e-12
24.3249999999997,-0.0038765534077049024,-0.0001843312158891497,-9.094947017729282e-12,0.0
24.3499999999997,-0.0038811616881022637,-0.00018433121588918439,-1.2732925824820995e-11,-1.8189894035458565e-12
24.3749999999997,-0.003885769968499625,-0.00018433121588910806,-7.275957614183426e-12,0.0
24.3999999999997,-0.0038903782488965977,-0.00018433121588912194,-1.0913936421275139e-11,-1.8189894035458565e-12
24.4249999999997,-0.00389498652929407,-0.00018433121588914275,-2.1827872842550278e-11,-3.637978807091713e-12
24.4499999999997,-0.0038995948096911537,-0.00018433121588921908,-3.637978807091713e-12,-1.8189894035458565e-12
24.4749999999997,-0.003904203090088182,-0.00018433121588922602,-7.275957614183426e-12,-3.637978807091713e-12
24.4999999999997,-0.003908811370485765,-0.00018433121588912194,-3.637978807091713e-12,-1.8189894035458565e-12
24.5249999999997,-0.003913419650882655,-0.00018433121588915663,-1.2732925824820995e-11,0.0
24.5499999999997,-0.003918027931280016,-0.000184331215889115,-1.4551915228366852e-11,-1.8189894035458565e-12
24.5749999999997,-0.003922636211677127,-0.0001843312158891358,9.094947017729282e-12,0.0
24.5999999999997,-0.0039272444920747385,-0.00018433121588912887,7.275957614183426e-12,-1.8189894035458565e-12
24.6249999999997,-0.0039318527724719055,-0.00018433121588916357,-1.0913936421275139e-11,0.0
24.6499999999997,-0.003936461052868934,-0.00018433121588921214,-2.1827872842550278e-11,0.0
24.6749999999997,-0.003941069333266378,-0.00018433121588910112,-1.8189894035458565e-11,-1.8189894035458565e-12
24.6999999999997,-0.003945677613663462,-0.00018433121588914275,-5.4569682106375694e-12,0.0
24.7249999999997,-0.003950285894060351,-0.00018433121588914275,-7.275957614183426e-12,1.8189894035458565e-12
24.7499999999997,-0.003954894174458212,-0.00018433121588915663,-1.2732925824820995e-11,-1.8189894035458565e-12
24.7749999999997,-0.003959502454854935,-0.00018433121588919132,-1.8189894035458565e-12,-1.8189894035458565e-12
24.7999999999997,-0.003964110735252768,-0.0001843312158891497,-3.637978807091713e-12,-1.8189894035458565e-12
24.8249999999997,-0.003968719015649963,-0.00018433121588915663,0.0,-1.8189894035458565e-12
24.8499999999997,-0.003973327296046991,-0.00018433121588912194,-2.546585164964199e-11,-1.8189894035458565e-12
24.8749999999997,-0.003977935576443659,-0.00018433121588921908,-1.4551915228366852e-11,-3.637978807091713e-12
24.8999999999997,-0.003982543856841492,-0.0001843312158891705,3.637978807091713e-12,0.0
24.9249999999997,-0.003987152137238742,-0.00018433121588910806,-7.275957614183426e-12,-1.8189894035458565e-12
24.9499999999997,-0.003991760417636131,-0.00018433121588912194,-1.6370904631912708e-11,-1.8189894035458565e-12
24.9749999999996,-0.003996368698033076,-0.0001843312158891358,-2.7284841053187847e-11,0.0
24.9999999999996,-0.004000976978430271,-0.00018433121588918439,-7.275957614183426e-12,-1.8189894035458565e-12
25.0249999999996,-0.004005585258827604,-0.000184331215889115,-3.637978807091713e-12,0.0
